TrafficSigns 0 0 0 0 0 0 0 0 0
TrafficLight 0 0 0 0 0 0 0 0 0
TrafficLight 0 0 0 0 0 0 0 0 0
Poles 0 0 0 0 0 0 0 0 0
TrafficSigns 0 0 0 0 0 0 0 0 0
TrafficLight 0 0 0 0 0 0 0 0 0
TrafficSigns 0 0 0 0 0 0 0 0 0
Poles 0 0 0 0 0 0 0 0 0
TrafficSigns 0 0 0 0 0 0 0 0 0
Poles 0 0 0 0 0 0 0 0 0
TrafficLight 0 0 0 0 0 0 0 0 0
Poles 0 0 0 0 0 0 0 0 0
Poles 0 0 0 0 0 0 0 0 0
Buildings 0 0 0 0 0 0 0 0 0
Buildings 0 0 0 0 0 0 0 0 0
Buildings 0 0 0 0 0 0 0 0 0
Buildings 0 0 0 0 0 0 0 0 0
Buildings 0 0 0 0 0 0 0 0 0
Buildings 0 0 0 0 0 0 0 0 0
Buildings 0 0 0 0 0 0 0 0 0
Buildings 0 0 0 0 0 0 0 0 0
Buildings 0 0 0 0 0 0 0 0 0
Buildings 0 0 0 0 0 0 0 0 0
Vegetation 0 0 0 0 0 0 0 0 0
Buildings 0 0 0 0 0 0 0 0 0
Buildings 0 0 0 0 0 0 0 0 0
Static 0 0 0 0 0 0 0 0 0
Dynamic 0 0 0 0 0 0 0 0 0
Dynamic 0 0 0 0 0 0 0 0 0
Dynamic 0 0 0 0 0 0 0 0 0
Poles 0 0 0 0 0 0 0 0 0
Poles 0 0 0 0 0 0 0 0 0
Other 0 0 0 0 0 0 0 0 0
Poles 0 0 0 0 0 0 0 0 0
Poles 0 0 0 0 0 0 0 0 0
Poles 0 0 0 0 0 0 0 0 0
Other 0 0 0 0 0 0 0 0 0
Poles 0 0 0 0 0 0 0 0 0
Poles 0 0 0 0 0 0 0 0 0
Poles 0 0 0 0 0 0 0 0 0
Other 0 0 0 0 0 0 0 0 0
Poles 0 0 0 0 0 0 0 0 0
Car 0.022734923288226128 -3.4148097038269043 -1.2302398317842744e-06 0.043771788477897644 -1.9226646423339844 -6.999968900345266e-05 0.02146970108151436 -0.008461118675768375 0.01108772773295641
Car -0.053675319999456406 7.8979082107543945 1.7166136956348055e-07 -7.450580596923828e-08 0.0 4.5776364459015895e-06 1.7934711650013924e-05 -5.438237167254556e-06 7.637038834218401e-06
Car 0.03134993091225624 -4.780121803283691 -5.435943535303522e-07 0.010387040674686432 -3.560314178466797 -1.468658410885837e-05 0.03596469759941101 -0.006564079783856869 0.06240760162472725
Pedestrian 0.0 0.0 0.0 0.0 0.0 0.0 0.0 0.0 0.0
Pedestrian 0.0 0.0 0.0 0.0 0.0 0.0 0.0 0.0 0.0
Pedestrian 0.0 0.0 0.0 0.0 0.0 0.0 0.0 0.0 0.0
Pedestrian 0.0 0.0 0.0 0.0 0.0 0.0 0.0 0.0 0.0
Car 0.0034153449814766645 -0.5056777000427246 0.00029722214094363153 0.022057052701711655 -3.0866897106170654 -0.00238113384693861 -0.5648838877677917 -0.0026789619587361813 -0.11593693494796753