Fences 0 0 0 0 0 0 0 0 0
Fences 0 0 0 0 0 0 0 0 0
Fences 0 0 0 0 0 0 0 0 0
Fences 0 0 0 0 0 0 0 0 0
Dynamic 0 0 0 0 0 0 0 0 0
Dynamic 0 0 0 0 0 0 0 0 0
Poles 0 0 0 0 0 0 0 0 0
Poles 0 0 0 0 0 0 0 0 0
Dynamic 0 0 0 0 0 0 0 0 0
Poles 0 0 0 0 0 0 0 0 0
Poles 0 0 0 0 0 0 0 0 0
Poles 0 0 0 0 0 0 0 0 0
Car -1.0604164344840683e-05 4.849982724408619e-05 -0.002376727992668748 -2.7205860533285886e-05 0.00035648277844302356 -0.016852950677275658 -0.01898970454931259 0.008544493466615677 1.3002093510294799e-05