Fences 0.0 1 -10 145 131 215 222 4.336433410644531 3.8226757049560547 0.826812744140625 -22.47945490857448 1.6628798461069978 29.44605873287167 1.5766443622326016
Fences 0.0 1 -10 216 131 277 222 4.336433410644531 3.8226757049560547 0.826812744140625 -18.674185049953895 1.691928402936718 33.591059234556695 0.005848568069922955
Fences 0.0 1 -10 172 122 231 226 4.336433410644531 3.8226757049560547 0.0830981433391571 -18.65125997193097 1.664280643661941 29.669760625711156 0.005848568069922955
Fences 0.0 1 -10 62 131 128 222 4.336433410644531 3.8238232135772705 0.083099365234375 -26.40301768414896 1.6629004768065148 29.423120273007964 1.5766443622326016
Dynamic 0.0 1 -10 169 192 284 220 1.3926843404769897 2.755892515182495 4.3527069091796875 -20.67726061937342 1.6900417443252571 32.80104332171504 1.5766436964423292
Dynamic 0.0 2 -10 103 192 224 220 1.3926843404769897 2.755892515182495 4.3527069091796875 -23.9799386092837 1.6900591103166045 32.78173476190661 1.5766436964423292
Poles 0.0 1 -10 93 85 111 217 7.608907699584961 0.4071693420410156 1.1102782487869263 6.049762499045279 1.7169602196250633 35.38570878124377 0.00584643754105052
Poles 0.0 1 -10 274 84 304 217 7.608907699584961 1.1106011867523193 1.1126819849014282 6.049762499045279 1.7169602196250633 35.38570878124377 0.00584643754105052
Dynamic 0.0 1 -10 200 202 221 223 0.9336028695106506 0.6293092370033264 0.5453212857246399 -19.07557366698393 1.6384292296082632 28.8902460853483 0.00584643754105052
Poles 0.0 1 -10 319 74 358 218 7.753437519073486 3.833437442779541 0.439208060503006 -15.926329245589896 1.6704715479368533 33.4568917176624 1.5766342422204593
Poles 0.0 0 -10 348 87 356 90 0.10929809510707855 0.4117761254310608 0.2957368493080139 -15.926329245589896 1.6704715479368533 33.4568917176624 1.5766342422204593
Poles 0.0 0 -10 348 87 356 90 0.10813476145267487 0.40739011764526367 0.29258644580841064 -15.926329245589896 1.6704715479368533 33.4568917176624 1.5766342422204593
Car 0.25 2 -10 -23 191 114 284 1.5900908708572388 1.8171066045761108 0.8659406304359436 -10.569678473521954 1.6704335225977645 11.526303724064663 3.1412964695049816