TrafficLight 0.0 0 -10 371 124 379 142 1.1868969202041626 0.367499977350235 0.40101560950279236 -16.086305628532926 1.2776487525744407 32.682139674014095 0.009422796568918201
TrafficLight 0.0 0 -10 346 118 356 138 1.1868969202041626 0.367499977350235 0.40101560950279236 -16.086305628532926 1.2776487525744407 32.682139674014095 0.009422796568918201
TrafficLight 0.0 0 -10 296 140 319 166 1.2981234788894653 0.7821386456489563 0.7703027129173279 -16.086305628532926 1.2776487525744407 32.682139674014095 0.009422796568918201
TrafficLight 0.0 0 -10 302 124 319 153 1.4080413579940796 0.9675487875938416 0.40101560950279236 -16.086305628532926 1.2776487525744407 32.682139674014095 0.009422796568918201
Poles 0.0 0 -10 313 57 336 79 0.8008202910423279 0.23537494242191315 2.284640073776245 -16.086305628532926 1.2776487525744407 32.682139674014095 0.009422796568918201
Poles 0.0 0 -10 300 88 394 147 2.5127460956573486 9.88101577758789 1.408475637435913 -16.086305628532926 1.2776487525744407 32.682139674014095 0.009422796568918201
TrafficSigns 0.0 0 -10 335 122 357 129 0.44764381647109985 0.06509923934936523 1.2684557437896729 -16.086305628532926 1.2776487525744407 32.682139674014095 0.009422796568918201
TrafficSigns 0.0 0 -10 312 145 328 149 0.18351325392723083 0.19678111374378204 0.7515859007835388 -16.086305628532926 1.2776487525744407 32.682139674014095 0.009422796568918201
Poles 0.0 0 -10 290 47 317 72 0.8008202910423279 0.23537494242191315 2.284640073776245 -16.086305628532926 1.2776487525744407 32.682139674014095 0.009422796568918201
TrafficSigns 0.0 0 -10 309 172 319 186 0.7619999051094055 0.5158092975616455 0.009999999776482582 -16.086305628532926 1.2776487525744407 32.682139674014095 0.009422796568918201
TrafficLight 0.0 0 -10 312 189 314 193 0.20139548182487488 0.06343229115009308 0.09999999403953552 -16.086305628532926 1.2776487525744407 32.682139674014095 0.009422796568918201
Poles 0.0 1 -10 312 67 318 201 7.011814594268799 0.20577029883861542 0.20577025413513184 -16.086305628532926 1.2776487525744407 32.682139674014095 0.009422796568918201
TrafficLight 0.5 1 -10 713 132 731 156 1.4080413579940796 0.40101560950279236 0.9675390124320984 5.949912387972724 1.2576820520375007 36.27381426597932 1.5802203217863056
TrafficSigns 0.0 0 -10 233 88 244 108 0.7619999051094055 0.7618687152862549 0.009999999776482582 -15.977852712917375 -3.719984688119535 25.99572340298012 0.009418535511174234
TrafficSigns 0.0 0 -10 213 82 226 105 0.7619999051094055 0.7618687152862549 0.009999999776482582 -15.9164963917466 -3.704432805876511 24.653896412210663 0.009418535511174234
Fences 0.0 1 -10 116 112 202 223 4.336433410644531 3.8226757049560547 0.826812744140625 -18.902409577753414 1.4055936318849236 27.970087157397817 0.009424128149463584
Fences 0.0 1 -10 238 130 293 214 4.336433410644531 3.8226757049560547 0.826812744140625 -18.9766899709435 1.3927104835466857 35.85449622010174 0.009424128149463584
Fences 0.0 1 -10 324 141 351 209 4.336433410644531 3.8226757049560547 0.0830981433391571 -19.050830100907124 1.3798516623811419 43.72401719987565 0.009424128149463584
Fences 0.0 1 -10 40 97 134 231 4.336433410644531 3.8226757049560547 0.0830981433391571 -18.865212546340885 1.412045063451843 24.021849958058727 0.009424128149463584
Fences 0.0 1 -10 201 122 253 218 4.336433410644531 3.8238232135772705 0.083099365234375 -18.939352712241796 1.3991862360533573 31.891374752355564 0.009424128149463584
Fences 0.0 1 -10 292 136 324 211 4.336433410644531 3.8238232135772705 0.083099365234375 -19.013633069494595 1.3863030939480614 39.77578000053656 0.009424128149463584
Poles 0.0 0 -10 354 86 362 89 0.10929809510707855 0.4117761254310608 0.2957368493080139 -16.222447850157828 1.3753983859146222 35.10270112814274 1.5802098022999997
Poles 0.0 1 -10 328 73 363 211 7.753437519073486 3.833437442779541 0.439208060503006 -16.222447850157828 1.3753983859146222 35.10270112814274 1.5802098022999997
TrafficSigns 0.0 0 -10 329 163 338 177 0.7619999051094055 0.5155503153800964 0.009999999776482582 -16.222447850157828 1.3753983859146222 35.10270112814274 1.5802098022999997
Poles 0.0 0 -10 354 86 362 89 0.10813476145267487 0.40739011764526367 0.29258644580841064 -16.222447850157828 1.3753983859146222 35.10270112814274 1.5802098022999997