Fences 0.0 1 -10 57 120 151 229 4.336433410644531 3.8226757049560547 0.826812744140625 -22.439602178030707 1.6755733379320412 24.836833554586747 1.5753356848729367
Fences 0.0 1 -10 142 122 223 228 4.336433410644531 3.8226757049560547 0.826812744140625 -18.628914467318992 1.7116490391172443 28.976798438424193 0.004539890710257843
Fences 0.0 1 -10 75 108 161 235 4.336433410644531 3.8226757049560547 0.0830981433391571 -18.61111796578983 1.6776948989719311 25.055522735123446 0.004539890710257843
Fences 0.0 1 -10 330 148 370 215 4.336433410644531 3.822674512863159 1.0181902647018433 -18.696409984722024 1.8404244758696717 43.84874009732481 0.004539890710257843
Buildings 0.0 1 -10 282 163 350 214 3.477489471435547 3.568995475769043 3.0086944103240967 -21.286760050901233 1.8209244264954936 43.68247467243145 1.575335019082664
Static 0.0 1 -10 277 192 352 218 1.4338903427124023 8.335325241088867 0.5988244414329529 -19.068670311959604 1.8118208767667203 42.871467341576 0.004537760181386297
Dynamic 0.0 2 -10 92 193 233 226 1.3926843404769897 2.755892515182495 4.3527069091796875 -20.633021896943912 1.7083025820367377 28.189408694302053 1.575335019082664
Poles 0.0 1 -10 17 70 40 222 7.608907699584961 0.4071693420410156 1.1102782487869263 6.097357652070317 1.7418987152465317 30.73904750435178 0.004537760181386297
Poles 0.0 1 -10 223 69 259 222 7.608907699584961 1.1106011867523193 1.1126819849014282 6.097357652070317 1.7418987152465317 30.73904750435178 0.004537760181386297
Poles 0.0 1 -10 271 56 321 224 7.753437519073486 3.833437442779541 0.439208060503006 -15.881234539583414 1.6902353968557708 28.83906959443302 1.5753255648607942
Poles 0.0 0 -10 309 73 319 77 0.10929809510707855 0.4117761254310608 0.2957368493080139 -15.881234539583414 1.6902353968557708 28.83906959443302 1.5753255648607942
Poles 0.0 0 -10 309 73 319 77 0.10813476145267487 0.40739011764526367 0.29258644580841064 -15.881234539583414 1.6902353968557708 28.83906959443302 1.5753255648607942
Poles 0.0 1 -10 313 145 359 213 4.685649871826172 2.0568554401397705 2.300708055496216 -19.93107620216946 1.8199282608741278 43.843302661719385 0.004537760181386297
Poles 0.0 0 -10 314 161 358 167 0.32664671540260315 1.9347323179244995 2.178541898727417 -19.93107620216946 1.8199282608741278 43.843302661719385 0.004537760181386297
Poles 0.0 0 -10 314 161 358 167 0.3244769275188446 1.9323431253433228 2.1761527061462402 -19.93107620216946 1.8199282608741278 43.843302661719385 0.004537760181386297