TrafficSigns 0.0 0 -10 387 127 391 139 0.7619999051094055 0.7618687152862549 0.009999999776482582 -15.864954177416697 -3.7025498633563405 42.49315450460634 0.00548105183949208
TrafficSigns 0.0 0 -10 380 125 384 138 0.7619999051094055 0.7618687152862549 0.009999999776482582 -15.808871681813752 -3.6881064469856444 41.151084377377835 0.00548105183949208
Fences 0.0 1 -10 322 143 359 209 4.336433410644531 3.8226757049560547 0.826812744140625 -18.77840218291229 1.4264968102301097 44.47492103909261 0.0054866444777808
Fences 0.0 1 -10 303 138 334 211 4.336433410644531 3.8226757049560547 0.0830981433391571 -18.756747280481665 1.429779730907994 40.526564152537205 0.0054866444777808
Fences 0.0 1 -10 265 132 319 214 4.336433410644531 3.822674512863159 1.0181902647018433 -18.735240209507733 1.4330402400812516 36.60516150195441 0.0054866444777808
Buildings 0.0 1 -10 210 151 297 213 3.477489471435547 3.568995475769043 3.0086944103240967 -21.32543229314613 1.4152272373166048 36.43626759695651 1.5762817728501872
Static 0.0 1 -10 187 187 297 219 1.4338903427124023 8.335325241088867 0.5988244414329529 -19.10657625698473 1.4137280454180727 35.62730953123945 0.005484513948909253
Poles 0.0 1 -10 100 25 151 225 7.608907699584961 1.1106011867523193 1.1126819849014282 6.070921300054948 1.457896793042338 23.51859029060037 0.005484513948909253
Poles 0.0 1 -10 152 3 234 228 7.753437519073486 3.833437442779541 0.439208060503006 -15.905863607479459 1.4251856969558294 21.597412432288408 1.5762723186283174
Poles 0.0 0 -10 216 32 230 37 0.10929809510707855 0.4117761254310608 0.2957368493080139 -15.905863607479459 1.4251856969558294 21.597412432288408 1.5762723186283174
Poles 0.0 0 -10 217 32 230 37 0.10813476145267487 0.40739011764526367 0.29258644580841064 -15.905863607479459 1.4251856969558294 21.597412432288408 1.5762723186283174
Poles 0.0 1 -10 249 129 308 212 4.685649871826172 2.0568554401397705 2.300708055496216 -19.96990136001177 1.4126481559632238 36.59836155957685 0.005484513948909253
Poles 0.0 0 -10 251 148 306 156 0.32664671540260315 1.9347323179244995 2.178541898727417 -19.96990136001177 1.4126481559632238 36.59836155957685 0.005484513948909253
Poles 0.0 0 -10 251 148 306 156 0.3244769275188446 1.9323431253433228 2.1761527061462402 -19.96990136001177 1.4126481559632238 36.59836155957685 0.005484513948909253