Fences 0.25 2 -10 -8 139 77 229 4.336433410644531 3.8226757049560547 0.826812744140625 -30.35389370830812 2.014073982834816 30.02630398681596 1.5769445004874534
Fences 0.0 1 -10 155 139 222 229 4.336433410644531 3.8226757049560547 0.826812744140625 -22.489509764632984 2.014073982834816 30.07464367577947 1.5769445004874534
Fences 0.0 1 -10 224 140 283 228 4.336433410644531 3.8226757049560547 0.826812744140625 -18.68548571009368 2.014075517654419 34.22088918412807 0.006148706324774267
Fences 0.0 1 -10 182 133 239 234 4.336433410644531 3.8226757049560547 0.0830981433391571 -18.661382268087213 2.014075517654419 30.299500230920565 0.006148706324774267
Fences 0.0 1 -10 74 139 137 229 4.336433410644531 3.8238232135772705 0.083099365234375 -26.41306542496683 2.014073982834816 30.05052691576242 1.5769445004874534
Dynamic 0.0 1 -10 177 198 290 225 1.3926843404769897 2.755892515182495 4.3527069091796875 -20.688323937746926 2.017665594816208 33.43027773388304 1.576943834697181
Poles 0.0 1 -10 102 92 119 222 7.608907699584961 0.4071693420410156 1.1102782487869263 6.037920482633984 2.0276031121611595 36.02309996194418 0.006146575795903164
Poles 0.0 1 -10 280 91 308 222 7.608907699584961 1.1106011867523193 1.1126819849014282 6.037920482633984 2.0276031121611595 36.02309996194418 0.006146575795903164
Poles 0.0 1 -10 324 81 361 224 7.753437519073486 3.833437442779541 0.439208060503006 -15.937588752966164 1.9936928153038025 34.08739945566238 1.576934380475311
Poles 0.0 0 -10 352 94 359 96 0.10929809510707855 0.4117761254310608 0.2957368493080139 -15.937588752966164 1.9936928153038025 34.08739945566238 1.576934380475311
Poles 0.0 0 -10 352 94 359 96 0.10813476145267487 0.40739011764526367 0.29258644580841064 -15.937588752966164 1.9936928153038025 34.08739945566238 1.576934380475311
Car 0.0 1 -10 12 200 138 290 1.5900908708572388 1.8171066045761108 0.8659406304359436 -10.57476762604597 1.8646001517772675 12.15897515101554 9.399086113859312e-07