TrafficLight 0.0 0 -10 406 132 413 148 1.1868969202041626 0.367499977350235 0.40101560950279236 -15.967611434651596 1.2663927381175566 42.89171834526021 0.005985720866061861
TrafficLight 0.0 0 -10 376 151 392 171 1.2981234788894653 0.7821386456489563 0.7703027129173279 -15.967611434651596 1.2663927381175566 42.89171834526021 0.005985720866061861
TrafficLight 0.0 0 -10 381 139 392 161 1.4080413579940796 0.9675487875938416 0.40101560950279236 -15.967611434651596 1.2663927381175566 42.89171834526021 0.005985720866061861
Poles 0.0 0 -10 388 88 402 104 0.8008202910423279 0.23537494242191315 2.284640073776245 -15.967611434651596 1.2663927381175566 42.89171834526021 0.005985720866061861
Poles 0.5 1 -10 378 111 440 155 2.5127460956573486 9.88101577758789 1.408475637435913 -15.967611434651596 1.2663927381175566 42.89171834526021 0.005985720866061861
TrafficSigns 0.0 0 -10 399 136 416 142 0.44764381647109985 0.06509923934936523 1.2684557437896729 -15.967611434651596 1.2663927381175566 42.89171834526021 0.005985720866061861
TrafficSigns 0.0 0 -10 387 155 399 158 0.18351325392723083 0.19678111374378204 0.7515859007835388 -15.967611434651596 1.2663927381175566 42.89171834526021 0.005985720866061861
Poles 0.0 0 -10 375 82 391 99 0.8008202910423279 0.23537494242191315 2.284640073776245 -15.967611434651596 1.2663927381175566 42.89171834526021 0.005985720866061861
TrafficSigns 0.0 0 -10 385 175 393 186 0.7619999051094055 0.5158092975616455 0.009999999776482582 -15.967611434651596 1.2663927381175566 42.89171834526021 0.005985720866061861
TrafficLight 0.0 0 -10 387 188 389 191 0.20139548182487488 0.06343229115009308 0.09999999403953552 -15.967611434651596 1.2663927381175566 42.89171834526021 0.005985720866061861
Poles 0.0 1 -10 387 96 391 197 7.011814594268799 0.20577029883861542 0.20577025413513184 -15.967611434651596 1.2663927381175566 42.89171834526021 0.005985720866061861
TrafficLight 0.5 1 -10 717 122 723 141 1.1868969202041626 0.40101560950279236 0.367499977350235 6.080801533159283 1.231397161569862 46.407627988993504 1.5767832460834492
TrafficLight 0.0 0 -10 695 143 709 162 1.4080413579940796 0.40101560950279236 0.9675390124320984 6.080801533159283 1.231397161569862 46.407627988993504 1.5767832460834492
TrafficSigns 0.0 1 -10 700 131 719 137 0.44764381647109985 0.06509923934936523 1.2684557437896729 6.080801533159283 1.231397161569862 46.407627988993504 1.5767832460834492
TrafficSigns 0.0 0 -10 699 163 703 166 0.18351325392723083 0.19678111374378204 0.7515859007835388 6.080801533159283 1.231397161569862 46.407627988993504 1.5767832460834492
Poles 0.25 1 -10 692 98 737 150 2.5127460956573486 9.88101577758789 1.408475637435913 6.080801533159283 1.231397161569862 46.407627988993504 1.5767832460834492
TrafficSigns 0.0 0 -10 345 116 351 130 0.7619999051094055 0.7618687152862549 0.009999999776482582 -15.88544533263949 -3.73044179725691 36.204330544126904 0.00598145980831797
TrafficSigns 0.0 0 -10 335 113 342 128 0.7619999051094055 0.7618687152862549 0.009999999776482582 -15.828691009208324 -3.7147559802386407 34.86230262738966 0.00598145980831797
Fences 0.0 1 -10 267 134 316 212 4.336433410644531 3.8226757049560547 0.826812744140625 -18.799808801861584 1.396811237536352 38.1893894612289 0.005987052446607244
Fences 0.0 1 -10 332 144 367 207 4.336433410644531 3.8226757049560547 0.826812744140625 -18.84699829324832 1.382951935091582 46.07400532285638 0.005987052446607244
Fences 0.0 1 -10 237 127 281 216 4.336433410644531 3.8226757049560547 0.0830981433391571 -18.776177949653224 1.4037514930500057 34.241048704198136 0.005987052446607244
Fences 0.0 1 -10 180 119 256 220 4.336433410644531 3.822674512863159 1.0181902647018433 -18.752708418111908 1.4106443695424107 30.319662073028606 0.005987052446607244
Fences 0.0 1 -10 315 139 344 210 4.336433410644531 3.8238232135772705 0.083099365234375 -18.823278356233452 1.389918354338736 42.110779907021396 0.005987052446607244
Buildings 0.0 1 -10 118 142 233 218 3.477489471435547 3.568995475769043 3.0086944103240967 -21.342815897320524 1.3930273621279672 30.14945557054798 1.5767821808190132
Static 0.0 1 -10 58 186 228 228 1.4338903427124023 8.335325241088867 0.5988244414329529 -19.123555348209198 1.3922437096618534 29.34160694428418 0.005984921917735253
Poles 0.0 0 -10 412 107 417 109 0.10929809510707855 0.4117761254310608 0.2957368493080139 -16.09536862962995 1.3639175587561634 45.31274583680304 1.5767727265971434
Poles 0.0 1 -10 396 99 419 206 7.753437519073486 3.833437442779541 0.439208060503006 -16.09536862962995 1.3639175587561634 45.31274583680304 1.5767727265971434
TrafficSigns 0.0 0 -10 397 169 404 179 0.7619999051094055 0.5155503153800964 0.009999999776482582 -16.09536862962995 1.3639175587561634 45.31274583680304 1.5767727265971434
Poles 0.0 0 -10 412 107 417 109 0.10813476145267487 0.40739011764526367 0.29258644580841064 -16.09536862962995 1.3639175587561634 45.31274583680304 1.5767727265971434
Poles 0.0 1 -10 168 116 244 217 4.685649871826172 2.0568554401397705 2.300708055496216 -19.98736630189778 1.390277435431298 30.312225390582093 0.005984921917735253
Poles 0.0 0 -10 170 140 242 149 0.32664671540260315 1.9347323179244995 2.178541898727417 -19.98736630189778 1.390277435431298 30.312225390582093 0.005984921917735253
Poles 0.0 0 -10 170 140 242 149 0.3244769275188446 1.9323431253433228 2.1761527061462402 -19.98736630189778 1.390277435431298 30.312225390582093 0.005984921917735253