TrafficLight 0.0 0 -10 398 131 405 147 1.1868969202041626 0.367499977350235 0.40101560950279236 -15.9741785812751 1.2877023583782758 37.45148714259459 0.0061433800025954
TrafficLight 0.0 0 -10 379 126 387 143 1.1868969202041626 0.367499977350235 0.40101560950279236 -15.9741785812751 1.2877023583782758 37.45148714259459 0.0061433800025954
TrafficLight 0.0 0 -10 340 146 359 169 1.2981234788894653 0.7821386456489563 0.7703027129173279 -15.9741785812751 1.2877023583782758 37.45148714259459 0.0061433800025954
TrafficLight 0.0 0 -10 345 132 359 157 1.4080413579940796 0.9675487875938416 0.40101560950279236 -15.9741785812751 1.2877023583782758 37.45148714259459 0.0061433800025954
Poles 0.0 0 -10 354 74 372 93 0.8008202910423279 0.23537494242191315 2.284640073776245 -15.9741785812751 1.2877023583782758 37.45148714259459 0.0061433800025954
Poles 0.0 0 -10 343 101 419 152 2.5127460956573486 9.88101577758789 1.408475637435913 -15.9741785812751 1.2877023583782758 37.45148714259459 0.0061433800025954
TrafficSigns 0.0 0 -10 370 129 389 136 0.44764381647109985 0.06509923934936523 1.2684557437896729 -15.9741785812751 1.2877023583782758 37.45148714259459 0.0061433800025954
TrafficSigns 0.0 0 -10 353 150 367 154 0.18351325392723083 0.19678111374378204 0.7515859007835388 -15.9741785812751 1.2877023583782758 37.45148714259459 0.0061433800025954
Poles 0.0 0 -10 337 66 358 87 0.8008202910423279 0.23537494242191315 2.284640073776245 -15.9741785812751 1.2877023583782758 37.45148714259459 0.0061433800025954
TrafficSigns 0.0 0 -10 351 174 359 187 0.7619999051094055 0.5158092975616455 0.009999999776482582 -15.9741785812751 1.2877023583782758 37.45148714259459 0.0061433800025954
TrafficLight 0.0 0 -10 353 189 355 192 0.20139548182487488 0.06343229115009308 0.09999999403953552 -15.9741785812751 1.2877023583782758 37.45148714259459 0.0061433800025954
Poles 0.0 1 -10 353 83 358 199 7.011814594268799 0.20577029883861542 0.20577025413513184 -15.9741785812751 1.2877023583782758 37.45148714259459 0.0061433800025954
TrafficLight 0.25 0 -10 705 138 720 159 1.4080413579940796 0.40101560950279236 0.9675390124320984 6.0736813541946395 1.2538611161409954 40.970882470043605 1.5769409052199819
Poles 0.25 0 -10 711 77 720 95 0.8008202910423279 0.23537494242191315 2.284640073776245 6.0736813541946395 1.2538611161409954 40.970882470043605 1.5769409052199819
TrafficSigns 0.0 0 -10 711 119 715 126 0.4409773647785187 0.6009998321533203 0.16373874247074127 6.0736813541946395 1.2538611161409954 40.970882470043605 1.5769409052199819
TrafficSigns 0.5 1 -10 712 123 733 130 0.44764381647109985 0.06509923934936523 1.2684557437896729 6.0736813541946395 1.2538611161409954 40.970882470043605 1.5769409052199819
Poles 0.0 0 -10 706 83 714 100 0.8008202910423279 0.23537494242191315 2.284640073776245 6.0736813541946395 1.2538611161409954 40.970882470043605 1.5769409052199819
TrafficSigns 0.0 0 -10 710 161 714 164 0.18351325392723083 0.19678111374378204 0.7515859007835388 6.0736813541946395 1.2538611161409954 40.970882470043605 1.5769409052199819
Poles 0.0 1 -10 711 91 714 198 7.011814594268799 0.20577029883861542 0.20577025413513184 6.0736813541946395 1.2538611161409954 40.970882470043605 1.5769409052199819
TrafficSigns 0.0 0 -10 296 103 304 121 0.7619999051094055 0.7618687152862549 0.009999999776482582 -15.890949304947405 -3.7112473773600243 30.765693429118024 0.006139118944850659
TrafficSigns 0.0 0 -10 282 100 291 118 0.7619999051094055 0.7618687152862549 0.009999999776482582 -15.833983509125838 -3.695986044956908 29.423669541132917 0.006139118944850659
Fences 0.0 1 -10 201 124 265 217 4.336433410644531 3.8226757049560547 0.826812744140625 -18.80563524784248 1.4166277316984253 32.74867081986696 0.0061447115831390064
Fences 0.0 1 -10 290 138 333 211 4.336433410644531 3.8226757049560547 0.826812744140625 -18.854067303500496 1.4052628787588037 40.63328335209867 0.0061447115831390064
Fences 0.0 1 -10 153 115 216 222 4.336433410644531 3.8226757049560547 0.0830981433391571 -18.781382162764235 1.4223188538591829 28.800331730081506 0.0061447115831390064
Fences 0.0 1 -10 67 101 177 229 4.336433410644531 3.822674512863159 1.0181902647018433 -18.757294646148274 1.4279711244535604 24.878946754775523 0.0061447115831390064
Fences 0.0 1 -10 264 132 302 214 4.336433410644531 3.8238232135772705 0.083099365234375 -18.829722787890148 1.4109754556056657 36.67005960979429 0.0061447115831390064
Fences 0.0 1 -10 332 142 358 208 4.336433410644531 3.8238232135772705 0.083099365234375 -18.878154820116457 1.3996106081644262 44.554668327404656 0.0061447115831390064
Buildings 0.25 2 -10 -1 132 153 226 3.477489471435547 3.568995475769043 3.0086944103240967 -21.34737538597404 1.4102953384946164 24.70833764212193 1.5769398399555459
Poles 0.0 0 -10 385 97 392 100 0.10929809510707855 0.4117761254310608 0.2957368493080139 -16.102317508246117 1.3859928937374406 39.872463559989185 1.576930385733676
Poles 0.0 1 -10 365 87 393 209 7.753437519073486 3.833437442779541 0.439208060503006 -16.102317508246117 1.3859928937374406 39.872463559989185 1.576930385733676
TrafficSigns 0.0 0 -10 366 166 374 178 0.7619999051094055 0.5155503153800964 0.009999999776482582 -16.102317508246117 1.3859928937374406 39.872463559989185 1.576930385733676
Poles 0.0 0 -10 385 97 392 100 0.10813476145267487 0.40739011764526367 0.29258644580841064 -16.102317508246117 1.3859928937374406 39.872463559989185 1.576930385733676
Poles 0.0 1 -10 63 101 164 224 4.685649871826172 2.0568554401397705 2.300708055496216 -19.991951376064712 1.407599489138996 24.871321939506217 0.006142581054267904
Poles 0.0 0 -10 67 129 161 141 0.32664671540260315 1.9347323179244995 2.178541898727417 -19.991951376064712 1.407599489138996 24.871321939506217 0.006142581054267904
Poles 0.0 0 -10 67 129 161 141 0.3244769275188446 1.9323431253433228 2.1761527061462402 -19.991951376064712 1.407599489138996 24.871321939506217 0.006142581054267904