NONE 0.0 0 -10 353 200 676 202 1.6081226229577292e-16 2.75 23.5 11.305445892264627 1.6305380444014759 27.62845012383072 1.576009597786781
TrafficLight 0.0 0 -10 232 149 236 158 1.1868969202041626 0.367499977350235 0.40101560950279236 -16.176811140809722 1.3750362098695295 38.86560418336645 0.013800767084899412
TrafficLight 0.0 0 -10 222 146 226 156 1.1868969202041626 0.367499977350235 0.40101560950279236 -16.176811140809722 1.3750362098695295 38.86560418336645 0.013800767084899412
TrafficLight 0.0 0 -10 201 158 211 170 1.2981234788894653 0.7821386456489563 0.7703027129173279 -16.176811140809722 1.3750362098695295 38.86560418336645 0.013800767084899412
TrafficLight 0.0 0 -10 204 150 211 164 1.4080413579940796 0.9675487875938416 0.40101560950279236 -16.176811140809722 1.3750362098695295 38.86560418336645 0.013800767084899412
Poles 0.0 0 -10 209 117 219 127 0.8008202910423279 0.23537494242191315 2.284640073776245 -16.176811140809722 1.3750362098695295 38.86560418336645 0.013800767084899412
Poles 0.0 0 -10 203 132 244 160 2.5127460956573486 9.88101577758789 1.408475637435913 -16.176811140809722 1.3750362098695295 38.86560418336645 0.013800767084899412
TrafficSigns 0.0 0 -10 217 148 228 152 0.44764381647109985 0.06509923934936523 1.2684557437896729 -16.176811140809722 1.3750362098695295 38.86560418336645 0.013800767084899412
TrafficSigns 0.0 0 -10 208 160 216 162 0.18351325392723083 0.19678111374378204 0.7515859007835388 -16.176811140809722 1.3750362098695295 38.86560418336645 0.013800767084899412
Poles 0.0 0 -10 199 113 211 124 0.8008202910423279 0.23537494242191315 2.284640073776245 -16.176811140809722 1.3750362098695295 38.86560418336645 0.013800767084899412
TrafficSigns 0.0 0 -10 207 173 212 180 0.7619999051094055 0.5158092975616455 0.009999999776482582 -16.176811140809722 1.3750362098695295 38.86560418336645 0.013800767084899412
TrafficLight 0.0 0 -10 208 181 209 183 0.20139548182487488 0.06343229115009308 0.09999999403953552 -16.176811140809722 1.3750362098695295 38.86560418336645 0.013800767084899412
Poles 0.0 0 -10 206 186 213 194 0.8319958448410034 0.5600000023841858 0.5600000023841858 -16.176811140809722 1.3750362098695295 38.86560418336645 0.013800767084899412
Poles 0.0 0 -10 208 122 211 187 7.011814594268799 0.20577029883861542 0.20577025413513184 -16.176811140809722 1.3750362098695295 38.86560418336645 0.013800767084899412
TrafficLight 0.0 0 -10 426 134 431 148 1.1868969202041626 0.40101560950279236 0.367499977350235 5.843452123036937 1.3456087230012665 42.553768513561266 1.5845982923022868
TrafficLight 0.0 0 -10 419 139 423 151 1.1868969202041626 0.40101560950279236 0.367499977350235 5.843452123036937 1.3456087230012665 42.553768513561266 1.5845982923022868
TrafficLight 0.0 0 -10 405 153 413 165 1.4080413579940796 0.40101560950279236 0.9675390124320984 5.843452123036937 1.3456087230012665 42.553768513561266 1.5845982923022868
Poles 0.0 0 -10 408 119 413 129 0.8008202910423279 0.23537494242191315 2.284640073776245 5.843452123036937 1.3456087230012665 42.553768513561266 1.5845982923022868
TrafficSigns 0.0 0 -10 408 142 410 146 0.4409773647785187 0.6009998321533203 0.16373874247074127 5.843452123036937 1.3456087230012665 42.553768513561266 1.5845982923022868
TrafficSigns 0.0 0 -10 408 145 420 149 0.44764381647109985 0.06509923934936523 1.2684557437896729 5.843452123036937 1.3456087230012665 42.553768513561266 1.5845982923022868
Poles 0.0 0 -10 405 122 410 131 0.8008202910423279 0.23537494242191315 2.284640073776245 5.843452123036937 1.3456087230012665 42.553768513561266 1.5845982923022868
TrafficSigns 0.0 0 -10 407 166 410 167 0.18351325392723083 0.19678111374378204 0.7515859007835388 5.843452123036937 1.3456087230012665 42.553768513561266 1.5845982923022868
Poles 0.0 0 -10 403 123 433 157 2.5127460956573486 9.88101577758789 1.408475637435913 5.843452123036937 1.3456087230012665 42.553768513561266 1.5845982923022868
TrafficLight 0.0 0 -10 409 181 410 183 0.20139548182487488 0.06343229115009308 0.09999999403953552 5.843452123036937 1.3456087230012665 42.553768513561266 1.5845982923022868
Poles 0.0 0 -10 406 185 412 193 0.8319958448410034 0.5600000023841858 0.5600000023841858 5.843452123036937 1.3456087230012665 42.553768513561266 1.5845982923022868
Poles 0.0 0 -10 408 127 410 186 7.011814594268799 0.20577029883861542 0.20577025413513184 5.843452123036937 1.3456087230012665 42.553768513561266 1.5845982923022868
TrafficSigns 0.0 0 -10 178 134 182 144 0.7619999051094055 0.7618687152862549 0.009999999776482582 -16.04248856659384 -3.632713258192244 32.18723100630851 0.013796506027155493
TrafficSigns 0.0 0 -10 171 132 175 142 0.7619999051094055 0.7618687152862549 0.009999999776482582 -15.975247665232247 -3.6192195428828615 30.845663725454525 0.013796506027155493
Fences 0.0 0 -10 126 146 160 197 4.336433410644531 3.8226757049560547 0.826812744140625 -18.97217066233501 1.4977975866928368 34.141078227715056 0.013802098665444795
Fences 0.0 0 -10 173 153 197 194 4.336433410644531 3.8226757049560547 0.826812744140625 -19.080977485370305 1.4968148509159234 42.02509699100421 0.013802098665444795
Fences 0.0 0 -10 101 141 134 200 4.336433410644531 3.8226757049560547 0.0830981433391571 -18.91768399848572 1.4982897065106537 30.1930364767166 0.013802098665444795
Fences 0.0 0 -10 57 134 115 204 4.336433410644531 3.822674512863159 1.0181902647018433 -18.863569298579144 1.4987784667756041 26.271946810355814 0.013802098665444795
Fences 0.0 0 -10 160 150 180 195 4.336433410644531 3.8238232135772705 0.083099365234375 -19.026285414882963 1.4973088259524332 38.06217170840993 0.013802098665444795
Fences 0.0 1 -10 196 155 210 192 4.336433410644531 3.8238232135772705 0.083099365234375 -19.135092185276882 1.496326090650973 45.94618665736499 0.013802098665444795
Buildings 0.0 1 -10 18 150 100 202 3.477489471435547 3.568995475769043 3.0086944103240967 -21.452268024446084 1.480903928671049 26.081532674642418 1.5845972270378508
Vegetation 0.0 0 -10 513 173 524 192 2.128873348236084 1.6999599933624268 1.1223511695861816 17.858531559615816 1.265048316958473 40.44703390454747 1.374728548388865
Vegetation 0.0 1 -10 499 173 515 192 2.128873348236084 1.6999601125717163 1.1223511695861816 16.77183842343364 1.2649986275603142 40.87798277237132 1.5492616067463523
Vegetation 0.0 0 -10 490 173 501 192 2.128873348236084 1.6999599933624268 1.1223511695861816 15.564435446823728 1.264970310393524 41.12602746346151 1.374728548388865
Vegetation 0.0 0 -10 479 173 490 192 2.128873348236084 1.6999599933624268 1.1223511695861816 14.404803655827049 1.2649347751560394 41.41616299919217 1.374728548388865
Vegetation 0.0 0 -10 471 173 483 192 2.128873348236084 1.6999599933624268 1.1223511695861816 13.598289567518695 1.2649123874515458 41.63584351807101 1.374728548388865
Vegetation 0.0 1 -10 447 173 465 191 2.128873348236084 1.699960470199585 1.1223512887954712 11.463380354996458 1.2647463254066997 43.021980899506616 0.502063423048996
Vegetation 0.0 0 -10 514 173 532 192 2.128873348236084 1.699960470199585 1.1223511695861816 18.3866161808163 1.2650504172004748 40.406942727389236 1.6365282025041232
Vegetation 0.0 0 -10 567 173 586 192 2.128873348236084 1.6999601125717163 1.1223511695861816 24.422794175613433 1.2650235234593188 40.48347969721796 1.5492616067463523
Vegetation 0.0 0 -10 557 173 575 192 2.128873348236084 1.6999601125717163 1.1223511695861816 23.218577581320563 1.2650239854794818 40.5006427462026 1.5492616067463523
Vegetation 0.0 0 -10 545 173 565 192 2.128873348236084 1.699960470199585 1.1223511695861816 21.971802113902612 1.2650335676687994 40.45076771786238 1.6365282025041232
Vegetation 0.0 1 -10 536 173 553 192 2.128873348236084 1.6999601125717163 1.1223511695861816 20.77146930236526 1.2650394449887643 40.434202005352304 1.5492616067463523
Vegetation 0.0 1 -10 527 173 542 192 2.128873348236084 1.6999601125717163 1.1223512887954712 19.640475549916093 1.265038935082007 40.46709410174476 1.4619951441466357
Vegetation 0.0 0 -10 458 173 472 191 2.128873348236084 1.6999601125717163 1.1223511695861816 12.318852648646274 1.2648729924012478 41.984363240069186 1.2874616863149848
Vegetation 0.0 0 -10 421 174 431 190 2.128873348236084 1.699960470199585 1.230636477470398 8.958421175173065 1.264052499485268 48.65005114020541 3.032790572124665
Vegetation 0.0 1 -10 429 173 445 190 2.128873348236084 1.699960470199585 1.1223512887954712 9.88629567447653 1.2643545929039837 46.203722032203416 0.5893305181494712
Vegetation 0.0 1 -10 434 173 450 191 2.128873348236084 1.699960470199585 1.1223512887954712 10.330513590754174 1.2644761683480459 45.21741042361002 0.502063423048996
Vegetation 0.0 1 -10 441 173 458 191 2.128873348236084 1.699960470199585 1.1223512887954712 10.928586411614148 1.2646167062993539 44.07510697031404 0.502063423048996
Vegetation 0.0 0 -10 422 174 437 190 2.128873348236084 1.699960470199585 1.1223512887954712 9.158883678836707 1.2642088726827607 47.3908795998758 0.5893305181494712
Vegetation 0.0 1 -10 608 173 628 192 2.128873348236084 1.6999601125717163 1.1223511695861816 29.14037015908684 1.265121759635995 40.54970065933581 1.5492616067463523
Vegetation 0.0 1 -10 599 173 617 192 2.128873348236084 1.6999601125717163 1.1223512887954712 28.00937640663767 1.2651212497292377 40.58259275572828 1.4619951441466357
Vegetation 0.0 0 -10 587 173 607 192 2.128873348236084 1.699960470199585 1.1223511695861816 26.755517037537878 1.2651327318477055 40.522441381372744 1.6365282025041232
Vegetation 0.0 0 -10 576 173 596 192 2.128873348236084 1.699960470199585 1.1223511695861816 25.502594498705268 1.265010888502554 40.552529103746174 1.6365282025041232
Vegetation 0.5 2 -10 420 153 465 192 4.8941874504089355 5.3274149894714355 5.26924991607666 11.311629738091117 1.4755412828230021 48.45365033824629 2.961468421681739
Vegetation 0.0 0 -10 438 149 502 193 4.8941874504089355 5.32741641998291 5.269250869750977 13.361742154645349 1.4761268714769704 43.705194191084885 1.129437563554899
Vegetation 0.0 0 -10 702 196 703 196 0.0007935455068945885 0.08487723022699356 0.03303131088614464 34.294289343655784 1.6269532228916663 35.97695775325656 2.2445632994117117
Vegetation 0.0 0 -10 699 196 700 196 0.0010568419238552451 0.11303926259279251 0.04399101063609123 34.28463078821792 1.625019589483335 36.34950604421897 2.5380425862740075
Vegetation 0.0 0 -10 702 196 703 196 0.004732438363134861 0.11645852774381638 0.044408638030290604 34.30830345272422 1.6261719490345485 35.999247894904414 2.347535155328925
Sidewalks 0.25 1 -10 -8 201 147 218 0.14961962401866913 9.667973518371582 1.083455204963684 -14.78693360125795 1.4854029924036656 20.301002038925155 0.013796506027155493
Dynamic 0.0 2 -10 471 163 528 194 3.541531801223755 5.029393672943115 5.085033893585205 17.170277156824145 1.4283893613421126 44.71098444614441 0.013799968136572804
Static 0.5 2 -10 -43 180 94 210 1.4338903427124023 8.335325241088867 0.5988244414329529 -19.22676177775529 1.478783515050626 25.29105467043929 0.013799968136572804
Static 0.0 0 -10 506 182 512 194 1.2140138149261475 0.5437172055244446 0.37456512451171875 15.538803553871636 1.4768928061491802 37.507183786216714 0.013799968136572804
Other 0.0 0 -10 522 219 523 220 0.04596628621220589 0.020006323233246803 0.020006326958537102 6.050557355793571 1.513832972819701 13.392088544642636 0.013799968136572804
Other 0.0 0 -10 522 219 523 220 0.04596628621220589 0.020006323233246803 0.020006326958537102 6.050557355793571 1.513832972819701 13.392088544642636 0.013799968136572804
Other 0.0 0 -10 522 219 523 220 0.04596628621220589 0.020006323233246803 0.020006326958537102 6.050557355793571 1.513832972819701 13.392088544642636 0.013799968136572804
Other 0.0 0 -10 522 219 523 220 0.04596628621220589 0.020006323233246803 0.020006326958537102 6.050557355793571 1.513832972819701 13.392088544642636 0.013799968136572804
Other 0.0 0 -10 522 219 523 220 0.04596628621220589 0.020006323233246803 0.020006326958537102 6.050557355793571 1.513832972819701 13.392088544642636 0.013799968136572804
Other 0.0 0 -10 522 219 523 220 0.04596628621220589 0.020006323233246803 0.020006326958537102 6.050557355793571 1.513832972819701 13.392088544642636 0.013799968136572804
Other 0.0 0 -10 522 219 523 220 0.04596628621220589 0.020006323233246803 0.020006326958537102 6.050557355793571 1.513832972819701 13.392088544642636 0.013799968136572804
Other 0.0 0 -10 522 219 523 220 0.04596628621220589 0.020006323233246803 0.020006326958537102 6.050557355793571 1.513832972819701 13.392088544642636 0.013799968136572804
Other 0.0 0 -10 522 219 523 220 0.04596628621220589 0.020006323233246803 0.020006326958537102 6.050557355793571 1.513832972819701 13.392088544642636 0.013799968136572804
Other 0.0 0 -10 522 219 523 220 0.04596628621220589 0.020006323233246803 0.020006326958537102 6.050557355793571 1.513832972819701 13.392088544642636 0.013799968136572804
Other 0.0 0 -10 522 219 523 220 0.04596628621220589 0.020006323233246803 0.020006326958537102 6.050557355793571 1.513832972819701 13.392088544642636 0.013799968136572804
Other 0.0 0 -10 522 219 523 220 0.04596628621220589 0.020006323233246803 0.020006326958537102 6.050557355793571 1.513832972819701 13.392088544642636 0.013799968136572804
Other 0.0 0 -10 522 219 523 220 0.04596628621220589 0.020006323233246803 0.020006326958537102 6.050557355793571 1.513832972819701 13.392088544642636 0.013799968136572804
Other 0.0 0 -10 522 219 523 220 0.04596628621220589 0.020006323233246803 0.020006326958537102 6.050557355793571 1.513832972819701 13.392088544642636 0.013799968136572804
Other 0.0 0 -10 522 219 523 220 0.04596628621220589 0.020006323233246803 0.020006326958537102 6.050557355793571 1.513832972819701 13.392088544642636 0.013799968136572804
Other 0.0 0 -10 522 219 523 220 0.04596628621220589 0.020006323233246803 0.020006326958537102 6.050557355793571 1.513832972819701 13.392088544642636 0.013799968136572804
Other 0.0 0 -10 522 219 523 220 0.04596628621220589 0.020006323233246803 0.020006326958537102 6.050557355793571 1.513832972819701 13.392088544642636 0.013799968136572804
Other 0.0 0 -10 522 219 523 220 0.04596628621220589 0.020006323233246803 0.020006326958537102 6.050557355793571 1.513832972819701 13.392088544642636 0.013799968136572804
Other 0.0 0 -10 522 219 523 220 0.04596628621220589 0.020006323233246803 0.020006326958537102 6.050557355793571 1.513832972819701 13.392088544642636 0.013799968136572804
Other 0.0 0 -10 522 219 523 220 0.04596628621220589 0.020006323233246803 0.020006326958537102 6.050557355793571 1.513832972819701 13.392088544642636 0.013799968136572804
Other 0.0 0 -10 522 219 523 220 0.04596628621220589 0.020006323233246803 0.020006326958537102 6.050557355793571 1.513832972819701 13.392088544642636 0.013799968136572804
Other 0.0 0 -10 522 219 523 220 0.04596628621220589 0.020006323233246803 0.020006326958537102 6.050557355793571 1.513832972819701 13.392088544642636 0.013799968136572804
Other 0.0 0 -10 522 219 523 220 0.04596628621220589 0.020006323233246803 0.020006326958537102 6.050557355793571 1.513832972819701 13.392088544642636 0.013799968136572804
Other 0.0 0 -10 522 219 523 220 0.04596628621220589 0.020006323233246803 0.020006326958537102 6.050557355793571 1.513832972819701 13.392088544642636 0.013799968136572804
Other 0.0 0 -10 522 219 523 220 0.04596628621220589 0.020006323233246803 0.020006326958537102 6.050557355793571 1.513832972819701 13.392088544642636 0.013799968136572804
Other 0.0 0 -10 522 219 523 220 0.04596628621220589 0.020006323233246803 0.020006326958537102 6.050557355793571 1.513832972819701 13.392088544642636 0.013799968136572804
Other 0.0 0 -10 522 219 523 220 0.04596628621220589 0.020006323233246803 0.020006326958537102 6.050557355793571 1.513832972819701 13.392088544642636 0.013799968136572804
Other 0.0 0 -10 522 219 523 220 0.04596628621220589 0.020006323233246803 0.020006326958537102 6.050557355793571 1.513832972819701 13.392088544642636 0.013799968136572804
Poles 0.0 0 -10 530 19 556 219 7.608907699584961 0.4071693420410156 1.1102782487869263 6.050557355793571 1.513832972819701 13.392088544642636 0.013799968136572804
Dynamic 0.0 0 -10 192 215 198 215 0.007489834912121296 0.14006932079792023 0.2193235605955124 -7.5486253434516355 1.628985971602662 16.496658585715917 0.39242401044763264
Dynamic 0.0 0 -10 631 197 634 197 0.004885932896286249 0.14270669221878052 0.1168084591627121 24.95826214493536 1.6268338741188229 32.92799194579172 0.6982229140650671
Dynamic 0.0 0 -10 525 197 528 197 0.01812104508280754 0.18031546473503113 0.2552540600299835 15.458877344897012 1.626820761843683 33.27506745275228 0.2146137992107482
Dynamic 0.0 0 -10 351 206 356 207 0.01780444197356701 0.17716506123542786 0.250794380903244 -0.34928943642899624 1.6283025006852927 21.794547400932792 1.9129704489248553
Dynamic 0.0 0 -10 684 197 689 197 0.02016201615333557 0.20062439143657684 0.28400328755378723 30.435770492200685 1.6267448243365799 33.50265000583305 1.6933123895829016
Dynamic 0.0 1 -10 512 207 525 208 0.01657685823738575 0.445218026638031 0.6276965737342834 9.130365627106553 1.6284128954263324 20.667797988120263 1.9021217959083083
Dynamic 0.0 0 -10 338 191 342 192 0.016749223694205284 0.44984740018844604 0.6342233419418335 -2.6145359593138924 1.6250611445133134 47.846945660576395 2.359817121644152
Dynamic 0.0 0 -10 357 192 362 192 0.01704144850373268 0.4576959013938904 0.6452887058258057 -0.03078022933355329 1.6253110316481518 45.77712537436304 2.1572297251525248
Dynamic 0.0 0 -10 262 201 272 201 0.0060577052645385265 0.4535585641860962 0.6153970956802368 -6.9905650011612375 1.6276559606143188 27.148737984274153 3.125467481586067
Dynamic 0.0 1 -10 539 199 550 200 0.006430038716644049 0.4814363121986389 0.6532222032546997 15.11375590379972 1.6273099146968988 29.360996614182817 0.18972732448277174
Buildings 0.0 0 -10 612 188 653 194 0.5343983769416809 3.844456911087036 1.3572403192520142 29.38644078685589 1.476543703556969 39.95494439873059 1.5872771660427973
Buildings 0.0 0 -10 578 188 615 194 0.5343983769416809 3.844456911087036 1.3572403192520142 25.532625893370714 1.476563861635036 39.89142697417054 1.5872771660427973
Buildings 0.0 1 -10 543 188 577 194 0.5343983769416809 3.844456911087036 1.3572403192520142 21.6788186811952 1.476584020151203 39.82790584055915 1.5872771660427973
Buildings 0.0 1 -10 493 188 521 195 0.5343983769416809 6.5109477043151855 1.357240080833435 17.83770389487274 1.4766025974617762 39.784031943598855 1.2808063135928225
Buildings 0.0 1 -10 408 187 463 192 0.5343983769416809 6.633524417877197 1.3572404384613037 11.582583141767678 1.4763897162231179 41.65057391423612 0.4952835142563585
Poles 0.0 0 -10 512 27 609 216 7.753437519073486 3.833437442779541 0.439208060503006 6.658218512861888 1.47971917391565 14.99883983590152 0.7991845494124616
Poles 0.0 0 -10 591 32 606 37 0.10929809510707855 0.4117761254310608 0.2957368493080139 6.658218512861888 1.47971917391565 14.99883983590152 0.7991845494124616
Poles 0.0 0 -10 591 32 605 37 0.10813476145267487 0.40739011764526367 0.29258644580841064 6.658218512861888 1.47971917391565 14.99883983590152 0.7991845494124616
Poles 0.0 0 -10 226 130 229 131 0.10929809510707855 0.4117761254310608 0.2957368493080139 -16.323482823303294 1.4765156274152698 41.285396938027795 1.584587772815981
Poles 0.0 0 -10 215 124 230 192 7.753437519073486 3.833437442779541 0.439208060503006 -16.323482823303294 1.4765156274152698 41.285396938027795 1.584587772815981
TrafficSigns 0.0 0 -10 215 169 220 175 0.7619999051094055 0.5155503153800964 0.009999999776482582 -16.323482823303294 1.4765156274152698 41.285396938027795 1.584587772815981
Poles 0.0 0 -10 226 130 229 131 0.10813476145267487 0.40739011764526367 0.29258644580841064 -16.323482823303294 1.4765156274152698 41.285396938027795 1.584587772815981
Poles 0.5 1 -10 394 131 399 191 7.753437519073486 3.833437442779541 0.439208060503006 4.760981922368165 1.473814396576995 46.838014343737626 1.4973296991736982
Poles 0.5 1 -10 396 135 399 137 0.10929809510707855 0.4117761254310608 0.2957368493080139 4.760981922368165 1.473814396576995 46.838014343737626 1.4973296991736982
Poles 0.5 1 -10 396 135 399 137 0.10813476145267487 0.40739011764526367 0.29258644580841064 4.760981922368165 1.473814396576995 46.838014343737626 1.4973296991736982
Buildings 0.0 1 -10 581 188 604 190 0.14622879028320312 3.43853497505188 0.31602415442466736 25.537332697412904 1.128961544733131 39.90906655419522 1.5845982923022868
Buildings 0.0 1 -10 538 188 557 190 0.14622879028320312 3.43853497505188 0.31602415442466736 20.537808649180572 1.1289860244459415 39.84006845860526 1.5845982923022868
Poles 0.0 0 -10 653 115 659 117 0.10929809510707855 0.4117761254310608 0.2957368493080139 28.389491023536422 1.4768131786300964 37.82902305051606 0.013791398570726976
Poles 0.0 0 -10 626 113 661 195 7.753437519073486 3.833437442779541 0.439208060503006 28.389491023536422 1.4768131786300964 37.82902305051606 0.013791398570726976
Other 0.0 0 -10 618 129 642 161 3.052478551864624 0.21492932736873627 3.0425829887390137 28.389491023536422 1.4768131786300964 37.82902305051606 0.013791398570726976
Poles 0.0 0 -10 653 115 659 117 0.10813476145267487 0.40739011764526367 0.29258644580841064 28.389491023536422 1.4768131786300964 37.82902305051606 0.013791398570726976
Poles 0.0 1 -10 458 154 481 191 4.685649871826172 2.0568554401397705 2.300708055496216 14.05449852614715 1.4758093869415185 46.23440019281814 0.013799968136572804
Poles 0.0 0 -10 459 162 481 166 0.32664671540260315 1.9347323179244995 2.178541898727417 14.05449852614715 1.4758093869415185 46.23440019281814 0.013799968136572804
Poles 0.0 0 -10 459 162 481 166 0.3244769275188446 1.9323431253433228 2.1761527061462402 14.05449852614715 1.4758093869415185 46.23440019281814 0.013799968136572804
Poles 0.0 0 -10 53 133 107 201 4.685649871826172 2.0568554401397705 2.300708055496216 -20.098131851496436 1.4784091424628862 26.254894710530685 0.013799968136572804
Poles 0.0 0 -10 55 149 106 155 0.32664671540260315 1.9347323179244995 2.178541898727417 -20.098131851496436 1.4784091424628862 26.254894710530685 0.013799968136572804
Poles 0.0 0 -10 55 149 106 155 0.3244769275188446 1.9323431253433228 2.1761527061462402 -20.098131851496436 1.4784091424628862 26.254894710530685 0.013799968136572804