Fences 0.0 0 -10 580 106 580 116 0.8561830520629883 1.6913405656814575 0.03150399774312973 25.72511492309981 -7.44843062622132 42.03483262023485 1.0153349592826717
Fences 0.0 0 -10 598 104 600 114 0.8561830520629883 1.6913405656814575 0.03150399774312973 27.280102027081384 -7.452505507406533 41.069731927263916 1.0153349592826717
Fences 0.0 0 -10 618 102 620 113 0.8561830520629883 1.6913405656814575 0.03150399774312973 28.835097309006997 -7.456580410176379 40.104644116505526 1.0153349592826717
Fences 0.0 0 -10 639 100 642 111 0.8561830520629883 1.6913405656814575 0.03150399774312973 30.390076235044532 -7.46065526977696 39.139530541322074 1.0153349592826717
Fences 0.0 0 -10 660 98 664 109 0.8561830520629883 1.6913405656814575 0.03150399774312973 31.945084399138764 -7.4647302063032726 38.17443455259085 1.0153349592826717
Vegetation 0.0 0 -10 277 182 289 189 0.9019812345504761 1.1472564935684204 1.0730178356170654 -9.82894162270123 1.031871960468119 46.294630155242245 1.9202231021004954
Static 0.0 0 -10 274 185 290 191 0.7382221817970276 1.3844952583312988 1.3844952583312988 -9.973594450322047 1.5075180479159673 46.29130243094623 2.6716432415063838
Walls 0.0 1 -10 605 109 612 194 9.0 3.2822604179382324 0.5 28.346939343299553 1.5312127048015989 40.677950334646326 1.0083367045701617
Walls 0.0 1 -10 641 105 652 195 9.0 3.2822604179382324 0.5 31.103496864234344 1.5239893097011457 38.94026202299122 1.0083367045701617
Motorcycle 0.0 0 -10 558 185 612 226 1.2511454820632935 2.2094459533691406 0.8670341968536377 7.856393431952917 1.4889110933688452 12.49490303134192 2.4014247193293827
Motorcycle 0.0 0 -10 592 187 647 234 1.2356280088424683 1.8046668767929077 0.8556876182556152 7.771551343096036 1.4899552975173052 10.741483231068983 2.401425751304305
Motorcycle 0.0 0 -10 635 186 697 243 1.2765705585479736 2.3557403087615967 0.763678789138794 8.076692328336051 1.499601634783836 9.43920430066835 2.4014142997116177
Car 0.0 0 -10 316 184 387 204 1.300939917564392 4.717525005340576 1.894826889038086 -0.46749088325427124 1.635180775443578 24.800585381863044 0.48156457279595144
Car 0.0 0 -10 283 182 344 201 1.4519524574279785 4.673638820648193 2.0022923946380615 -3.7716116234405916 1.643776985723686 29.524866346480124 0.6560970319421936
Static 0.5 2 -10 464 -34 552 27 3.6418840885162354 1.755385398864746 8.639836311340332 15.997092182835289 -19.731300679342162 39.18069678761968 2.57595015438825
Static 0.0 0 -10 398 182 403 194 1.2140138149261475 0.5437172055244446 0.374565064907074 4.248000178129615 1.4904930114629376 37.4252696296642 1.05634284637993
Static 0.0 0 -10 588 183 594 198 1.2140138149261475 0.5437172055244446 0.37456512451171875 18.279600810571033 1.478719740545765 28.454071425962724 2.5907492313346037
Poles 0.0 1 -10 317 113 333 198 7.608907699584961 1.1106011867523193 1.1126819849014282 -22.078053602901768 1.6919371163594492 19.023044181852036 2.57595814387152
Dynamic 0.0 0 -10 255 197 257 197 0.005253213457763195 0.15343409776687622 0.12558907270431519 -9.691935168701114 1.6562868751135869 33.71785652796425 1.0291141547627416
Dynamic 0.0 0 -10 247 197 249 197 0.005328621249645948 0.15563657879829407 0.12739184498786926 -10.408105360333046 1.6581688045226077 33.55788415284433 0.9092515325268369
Dynamic 0.0 0 -10 210 198 213 199 0.01898559369146824 0.18891826272010803 0.2674321234226227 -12.810572279013023 1.664498240390636 31.1210892205566 2.9952596748571003
Dynamic 0.0 0 -10 181 254 198 258 0.02052634209394455 0.20424965023994446 0.2891351878643036 -3.6177875982928 1.6405607509718134 7.65692850241318 2.95592708253307
Dynamic 0.0 0 -10 185 195 192 196 0.006424764171242714 0.48104140162467957 0.6526862978935242 -18.15661358990048 1.6784764798456406 38.07306506309966 0.9483862852713878
Dynamic 0.0 0 -10 22 197 35 198 0.007005174178630114 0.5244984030723572 0.7116495966911316 -31.18225706559101 1.712714722233962 34.01381298941964 2.993156709702319
Dynamic 0.0 0 -10 21 198 34 198 0.006976887583732605 0.522380530834198 0.70877605676651 -31.114567663247044 1.7125393723456876 33.73507801713219 0.37068086475427603
Poles 0.0 0 -10 58 70 70 74 0.10929809510707855 0.4117761254310608 0.2957368493080139 -19.695522023736366 1.5332718889850794 19.17429018764299 2.2268801760896944
Poles 0.5 1 -10 -18 61 73 209 7.753437519073486 3.833437442779541 0.439208060503006 -19.695522023736366 1.5332718889850794 19.17429018764299 2.2268801760896944
Other 0.5 1 -10 -48 82 26 143 3.052478551864624 0.21492932736873627 3.0425829887390137 -19.695522023736366 1.5332718889850794 19.17429018764299 2.2268801760896944
Poles 0.0 0 -10 58 70 70 74 0.10813476145267487 0.40739011764526367 0.29258644580841064 -19.695522023736366 1.5332718889850794 19.17429018764299 2.2268801760896944
Poles 0.0 0 -10 607 7 623 15 0.10929809510707855 0.4117761254310608 0.2957368493080139 6.186880516029511 1.465358050149442 14.261460417853598 1.8778219156999352
Poles 0.0 0 -10 509 1 628 221 7.753437519073486 3.833437442779541 0.439208060503006 6.186880516029511 1.465358050149442 14.261460417853598 1.8778219156999352
TrafficSigns 0.0 0 -10 517 140 518 160 0.7619999051094055 0.5155503153800964 0.009999999776482582 6.186880516029511 1.465358050149442 14.261460417853598 1.8778219156999352
Other 0.0 0 -10 475 44 560 130 3.052478551864624 0.21492932736873627 3.0425829887390137 6.186880516029511 1.465358050149442 14.261460417853598 1.8778219156999352
Poles 0.0 0 -10 608 7 623 15 0.10813476145267487 0.40739011764526367 0.29258644580841064 6.186880516029511 1.465358050149442 14.261460417853598 1.8778219156999352
Poles 0.0 0 -10 393 101 399 104 0.10929809510707855 0.4117761254310608 0.2957368493080139 -0.2642101721768526 1.482182229227163 27.424690534988756 2.226886700834365
Poles 0.0 0 -10 352 96 401 199 7.753437519073486 3.833437442779541 0.439208060503006 -0.2642101721768526 1.482182229227163 27.424690534988756 2.226886700834365
TrafficSigns 0.0 0 -10 356 159 358 170 0.7619999051094055 0.5155503153800964 0.009999999776482582 -0.2642101721768526 1.482182229227163 27.424690534988756 2.226886700834365
Other 0.0 0 -10 336 112 375 153 3.052478551864624 0.21492932736873627 3.0425829887390137 -0.2642101721768526 1.482182229227163 27.424690534988756 2.226886700834365
Poles 0.0 0 -10 393 101 399 104 0.10813476145267487 0.40739011764526367 0.29258644580841064 -0.2642101721768526 1.482182229227163 27.424690534988756 2.226886700834365
Poles 0.0 0 -10 287 127 292 128 0.10929809510707855 0.4117761254310608 0.2957368493080139 -10.701137575931405 1.5094830352547224 39.65946038417753 2.4014190934015796
Poles 0.0 0 -10 260 122 293 193 7.753437519073486 3.833437442779541 0.439208060503006 -10.701137575931405 1.5094830352547224 39.65946038417753 2.4014190934015796
TrafficSigns 0.0 0 -10 262 166 264 173 0.7619999051094055 0.5155503153800964 0.009999999776482582 -10.701137575931405 1.5094830352547224 39.65946038417753 2.4014190934015796
Other 0.0 0 -10 248 133 276 162 3.052478551864624 0.21492932736873627 3.0425829887390137 -10.701137575931405 1.5094830352547224 39.65946038417753 2.4014190934015796
Poles 0.0 0 -10 287 127 292 128 0.10813476145267487 0.40739011764526367 0.29258644580841064 -10.701137575931405 1.5094830352547224 39.65946038417753 2.4014190934015796
Poles 0.0 0 -10 34 111 41 114 0.10929809510707855 0.4117761254310608 0.2957368493080139 -30.466387147590787 1.5614736083185323 29.319715429536814 2.57595814387152
Poles 0.5 1 -10 -18 103 43 199 7.753437519073486 3.833437442779541 0.439208060503006 -30.466387147590787 1.5614736083185323 29.319715429536814 2.57595814387152
Poles 0.0 0 -10 34 111 41 114 0.10813476145267487 0.40739011764526367 0.29258644580841064 -30.466387147590787 1.5614736083185323 29.319715429536814 2.57595814387152
Poles 0.0 0 -10 640 146 673 195 4.685649871826172 2.0568554401397705 2.300708055496216 29.48063621984079 1.5156102328132945 35.74968524245503 2.57595814387152
Poles 0.0 0 -10 641 158 672 162 0.32664671540260315 1.9347323179244995 2.178541898727417 29.48063621984079 1.5156102328132945 35.74968524245503 2.57595814387152
Poles 0.0 0 -10 641 158 672 162 0.3244769275188446 1.9323431253433228 2.1761527061462402 29.48063621984079 1.5156102328132945 35.74968524245503 2.57595814387152
Poles 0.0 0 -10 653 137 696 199 4.685649871826172 2.0568554401397705 2.300708055496216 24.926181677403093 1.5087001349319344 28.499793587548865 2.57595814387152
Poles 0.0 0 -10 654 152 695 158 0.32664671540260315 1.9347323179244995 2.178541898727417 24.926181677403093 1.5087001349319344 28.499793587548865 2.57595814387152
Poles 0.0 0 -10 654 152 695 158 0.3244769275188446 1.9323431253433228 2.1761527061462402 24.926181677403093 1.5087001349319344 28.499793587548865 2.57595814387152
Poles 0.125 0 -10 665 128 720 203 4.685649871826172 2.0568554401397705 2.300708055496216 21.825672660430406 1.4681147983810852 23.645078922286046 2.57595814387152
Poles 0.0 0 -10 667 145 718 154 0.32664671540260315 1.9347323179244995 2.178541898727417 21.825672660430406 1.4681147983810852 23.645078922286046 2.57595814387152
Poles 0.0 0 -10 667 145 718 154 0.3244769275188446 1.9323431253433228 2.1761527061462402 21.825672660430406 1.4681147983810852 23.645078922286046 2.57595814387152
Poles 0.0 0 -10 408 140 443 198 4.685649871826172 2.0568554401397705 2.300708055496216 5.514059867659064 1.470585702604359 30.448997903632986 2.57595814387152
Poles 0.0 0 -10 409 153 442 159 0.32664671540260315 1.9347323179244995 2.178541898727417 5.514059867659064 1.470585702604359 30.448997903632986 2.57595814387152
Poles 0.0 0 -10 409 153 442 159 0.3244769275188446 1.9323431253433228 2.1761527061462402 5.514059867659064 1.470585702604359 30.448997903632986 2.57595814387152
Poles 0.0 0 -10 527 130 567 202 4.685649871826172 2.0568554401397705 2.300708055496216 12.968407553429152 1.4650489659647257 24.860349657657167 2.57595814387152
Poles 0.0 0 -10 529 147 566 155 0.32664671540260315 1.9347323179244995 2.178541898727417 12.968407553429152 1.4650489659647257 24.860349657657167 2.57595814387152
Poles 0.0 0 -10 529 147 566 155 0.3244769275188446 1.9323431253433228 2.1761527061462402 12.968407553429152 1.4650489659647257 24.860349657657167 2.57595814387152
Poles 0.0 1 -10 355 150 382 193 4.685649871826172 2.0568554401397705 2.300708055496216 0.841704331443708 1.4964039718909623 39.89354264344006 2.57595814387152
Poles 0.0 0 -10 355 160 381 164 0.32664671540260315 1.9347323179244995 2.178541898727417 0.841704331443708 1.4964039718909623 39.89354264344006 2.57595814387152
Poles 0.0 0 -10 355 160 381 164 0.3244769275188446 1.9323431253433228 2.1761527061462402 0.841704331443708 1.4964039718909623 39.89354264344006 2.57595814387152
Poles 0.0 1 -10 284 155 307 191 4.685649871826172 2.0568554401397705 2.300708055496216 -8.704710114788952 1.5536873455100602 48.1867023387177 2.57595814387152
Poles 0.0 0 -10 285 164 307 167 0.32664671540260315 1.9347323179244995 2.178541898727417 -8.704710114788952 1.5536873455100602 48.1867023387177 2.57595814387152
Poles 0.0 0 -10 285 164 307 167 0.3244769275188446 1.9323431253433228 2.1761527061462402 -8.704710114788952 1.5536873455100602 48.1867023387177 2.57595814387152
Pedestrian 0.0 0 -10 223 177 228 192 1.8600000143051147 0.3753577768802643 0.3753577768802643 -16.755217558980434 1.5191134440859213 45.003545705369135 0.9506105574138219
Pedestrian 0.0 1 -10 359 175 365 198 1.8600000143051147 0.3753577768802643 0.3753577768802643 0.22252012617833117 1.4746679067953332 29.21956733491149 0.5250749657905298