Buildings 0.0 0 -10 611 162 649 175 1.393420696258545 4.009795665740967 0.5621825456619263 29.08730563494582 -0.4474926790740583 39.13343681497561 0.13373036782222014
Buildings 0.0 0 -10 645 160 686 175 1.393420696258545 4.009795665740967 0.5621825456619263 29.616692789725747 -0.448607047759523 35.17908960321229 0.13373036782222014
Buildings 0.5 1 -10 687 158 734 174 1.393420696258545 4.009795665740967 0.5621825456619263 30.14606530812368 -0.4497213849629067 31.22473663315989 0.13373036782222014
Buildings 0.0 1 -10 507 180 539 191 1.393420696258545 3.9378600120544434 0.562182605266571 20.05891190000969 1.4383749718689876 44.9550879498 0.1334058616433933
Buildings 0.0 1 -10 525 180 560 192 1.393420696258545 3.9378600120544434 0.562182605266571 20.57776109122105 1.4372828319878002 41.07154364457453 0.1334058616433933
Buildings 0.0 1 -10 547 180 586 194 1.393420696258545 3.9378600120544434 0.562182605266571 21.096596139975276 1.4361907225495179 37.18798979847466 0.1334058616433933
Buildings 0.0 1 -10 575 180 618 195 1.393420696258545 3.9378600120544434 0.562182605266571 21.615430694804644 1.4350986141504114 33.30443973496011 0.1334058616433933
Buildings 0.0 1 -10 610 180 659 197 1.393420696258545 3.9378600120544434 0.562182605266571 22.134264261784324 1.4340065078296567 29.420897236616177 0.1334058616433933
Buildings 0.0 1 -10 655 180 711 200 1.393420696258545 3.9378600120544434 0.562182605266571 22.65309980446338 1.4329143973521985 25.537339607931 0.1334058616433933
Buildings 0.0 0 -10 408 180 439 191 1.393420696258545 4.150892734527588 0.562182605266571 8.117296333180121 1.4640174881346462 47.559161250156606 0.13291584000281897
Buildings 0.0 0 -10 417 180 451 192 1.393420696258545 4.150892734527588 0.562182605266571 8.662532324341939 1.4628698808527616 43.46529172754416 0.13291584000281897
Buildings 0.0 0 -10 428 180 466 193 1.393420696258545 4.150892734527588 0.562182605266571 9.207760750350374 1.4617222898315054 39.37142121707983 0.13291584000281897
Buildings 0.0 0 -10 441 180 484 195 1.393420696258545 4.150892734527588 0.562182605266571 9.752996741512206 1.4605746825496206 35.277551694467384 0.13291584000281897
Buildings 0.0 0 -10 458 180 507 197 1.393420696258545 4.150892734527588 0.562182605266571 10.298232238749193 1.459427076306912 31.183685954440257 0.13291584000281897
Buildings 0.0 0 -10 480 180 536 199 1.393420696258545 4.150892734527588 0.562182605266571 10.843460664757629 1.4582794852856555 27.089815443975926 0.13291584000281897
Buildings 0.0 1 -10 510 180 576 203 1.393420696258545 4.150892734527588 0.562182605266571 11.388689090766036 1.4571318942643994 22.995944933511595 0.13291584000281897
Buildings 0.0 0 -10 553 181 633 208 1.393420696258545 4.150892734527588 0.562182605266571 11.933917516774471 1.455984303243143 18.902074423047264 0.13291584000281897
Buildings 0.25 1 -10 620 181 721 216 1.393420696258545 4.150892734527588 0.562182605266571 12.479152520086629 1.45483669803961 14.808212465605438 0.13291584000281897
Buildings 0.25 2 -10 609 174 726 200 2.002869129180908 3.799999952316284 7.222742557525635 24.44155683758173 1.5813930598445158 35.269062208008776 0.12984441631763088
Buildings 0.0 1 -10 580 175 678 197 2.002869129180908 3.799999952316284 7.222742557525635 23.949535092789333 1.5824282318253786 39.037073220436056 0.1298453484240123
Buildings 0.0 1 -10 557 175 640 195 2.002869129180908 3.799999952316284 7.222742557525635 23.457498217690116 1.5834634363274978 42.80508225715958 0.1298453484240123
Buildings 0.0 1 -10 642 77 673 155 7.609364032745361 0.2393566071987152 3.1847801208496094 31.19765920686916 -10.211497452473308 37.804194818323346 1.7006424741672355
Vegetation 0.0 1 -10 502 182 519 192 1.3002063035964966 1.6999601125717163 0.9506068229675293 19.264470360358374 1.552049863981861 45.8487217050464 0.0072431323747430085
Vegetation 0.0 1 -10 518 182 536 193 1.3002063035964966 1.6999601125717163 0.9506067633628845 19.759751467584167 1.5509207567197836 42.43886874822457 0.09450959497445949
Vegetation 0.0 1 -10 523 182 542 194 1.3002063035964966 1.6999601125717163 0.9506067633628845 19.882143859634937 1.5506635587199467 41.24076554698386 0.09450959497445949
Vegetation 0.0 2 -10 537 182 557 195 1.3002063035964966 1.6999601125717163 0.9506067633628845 20.231461440904496 1.5499265401115359 38.81780690450293 0.09450959497445949
Vegetation 0.0 2 -10 543 182 564 195 1.3002063035964966 1.6999601125717163 0.9506068229675293 20.32974404852203 1.5497219495064327 37.69061948158951 0.0072431323747430085
Vegetation 0.0 2 -10 637 183 668 202 1.3002063035964966 1.699960470199585 0.9506067633628845 21.807525896190086 1.5466973033695188 26.747959210298216 0.18177619073223047
Vegetation 0.0 2 -10 622 183 653 201 1.3002063035964966 1.6999601125717163 0.9506067633628845 21.61364152193589 1.5471073037058698 27.98057608042953 0.09450959497445949
Vegetation 0.0 2 -10 416 182 431 192 1.3002063035964966 1.699960470199585 0.9506067633628845 8.576614313956739 1.575099844904102 48.02879511269585 0.18177619073223047
Vegetation 0.0 1 -10 414 182 428 192 1.3002063035964966 1.699960470199585 0.9506067633628845 8.463355468551995 1.5753347759766898 49.26212994439214 0.18177619073223047
Vegetation 0.0 2 -10 428 182 444 193 1.3002063035964966 1.6999601125717163 0.9506067633628845 9.241930090403685 1.5736964667146176 43.3431782550377 0.09450959497445949
Vegetation 0.0 1 -10 425 182 441 193 1.3002063035964966 1.699960470199585 0.9506067633628845 9.086493919839313 1.574023491221733 44.5335427228992 0.18177619073223047
Vegetation 0.0 1 -10 437 182 455 195 1.3002063035964966 1.699960470199585 0.9506067633628845 9.641889977819758 1.57277192627197 39.87067775889771 0.18177619073223047
Vegetation 0.0 2 -10 470 183 493 199 1.3002063035964966 1.699960470199585 0.9506067633628845 10.725591922968505 1.5703686168977748 31.571447277174958 0.18177619073223047
Vegetation 0.0 1 -10 477 183 502 199 1.3002063035964966 1.6999601125717163 0.9506067633628845 10.956913683477438 1.570088286828303 30.20945574535339 0.09450959497445949
Static 0.0 1 -10 96 191 123 196 0.4415639042854309 1.539812445640564 1.539812445640564 -24.07457119220429 1.5332571098088028 34.72474829120789 0.07811437635560467
Vegetation 0.25 2 -10 -44 0 192 199 15.391246795654297 12.757740020751953 12.390281677246094 -24.074808180661762 1.4229606065940534 34.72474764693564 0.07811437635560467
Vegetation 0.0 0 -10 418 202 420 202 0.0010250998893752694 0.10964415967464447 0.04266975447535515 4.3427856199009796 1.6218745989470393 26.176128667293234 1.83017064010542
Vegetation 0.0 0 -10 420 202 421 202 0.0009404629818163812 0.10059145092964172 0.039146747440099716 4.387189529271751 1.6219457111478897 25.710451607503316 2.071491184649214
Vegetation 0.0 0 -10 5 199 7 199 0.0008687010267749429 0.09291581064462662 0.03615964949131012 -31.343986117870728 1.6948180790908527 31.93206751160416 0.7317943232924424
Vegetation 0.0 0 -10 426 202 427 202 0.0008078567334450781 0.08640794456005096 0.03362701088190079 4.784302853067686 1.6181072622109784 25.884144253651986 0.5811128019738137
Vegetation 0.0 0 -10 427 202 428 202 0.0007935344474390149 0.08487603813409805 0.03303084895014763 4.801874546749218 1.6181757561974477 25.446063288345613 2.111127477206055
Vegetation 0.0 0 -10 429 203 431 203 0.0010613988852128386 0.11352666467428207 0.04418069124221802 4.925201821911287 1.615957972081277 25.025393239183174 1.788750495671417
Vegetation 0.0 0 -10 431 203 433 203 0.0008084167493507266 0.08646784722805023 0.03365032374858856 4.910592869842773 1.618499628788391 24.420862668886095 1.2515805174741839
Vegetation 0.0 0 -10 431 203 432 204 0.0008060832042247057 0.08621823787689209 0.03355318680405617 4.849869796701242 1.6200792274087141 24.25773413167645 2.2717344667493538
Vegetation 0.0 0 -10 116 196 117 196 0.0009062537574209273 0.09693244099617004 0.03772278502583504 -22.845902305973922 1.527961204677094 33.798321692934984 0.677061569201352
Vegetation 0.0 0 -10 124 195 126 195 0.0009065910126082599 0.09696851670742035 0.03773682564496994 -22.37747272630031 1.5266525690880544 34.3431055801052 0.36373653905384007
Vegetation 0.0 0 -10 123 196 124 196 0.0008791793952696025 0.06696251779794693 0.03690018877387047 -22.301395124279026 1.5267386845364317 34.00902977947148 1.9166517364996718
Vegetation 0.0 0 -10 12 197 13 197 0.00107894919347018 0.08217797428369522 0.04528477415442467 -31.38102070328287 1.544174617013221 32.55743648405723 0.4844447149358449
Vegetation 0.0 0 -10 86 196 86 196 0.003520349971950054 0.08663076907396317 0.0330345444381237 -25.96150648858189 1.5349028606551638 34.18326015725 2.656148054822678
Vegetation 0.0 1 -10 115 196 116 196 0.0042710029520094395 0.1051032617688179 0.04007858783006668 -22.988187426444185 1.5274452355680135 33.91961078450953 2.8647767656681227
Vegetation 0.0 0 -10 122 196 123 196 0.0048168315552175045 0.11853531748056412 0.04520057514309883 -22.31301855876505 1.5253571049552597 33.92749693595909 3.104658870328138
Vegetation 0.0 0 -10 419 202 420 202 0.000982901779934764 0.0748625099658966 0.04125353321433067 4.228103574879313 1.6210431200259454 25.46184676010464 1.5358279564177202
Vegetation 0.0 0 -10 422 202 423 202 0.0008706969674676657 0.06631646305322647 0.03654417768120766 4.460510405512736 1.620918205954821 25.49516410850819 1.773315404882185
Vegetation 0.0 0 -10 429 203 430 203 0.0009446513722650707 0.07194919139146805 0.03964813053607941 4.749201268573486 1.6207343268730772 24.46024849462406 1.277249795115076
Vegetation 0.0 1 -10 428 202 429 202 0.0008784724050201476 0.06690866500139236 0.03687051311135292 4.998398121451501 1.6145405882859598 25.915279191174264 2.100580027708795
Vegetation 0.0 0 -10 430 203 431 203 0.0010120931547135115 0.07708587497472763 0.042478736490011215 4.873314120300449 1.6179061835990247 24.732856055083353 1.1544489405380005
Vegetation 0.0 0 -10 438 204 439 204 0.0008482299745082855 0.0646052360534668 0.035601187497377396 5.159882268682111 1.6167912258271946 23.413318018297623 1.946590460842125
Vegetation 0.0 2 -10 4 196 5 197 0.004259687848389149 0.10482481867074966 0.03997240588068962 -31.847145480039032 1.551819733944253 32.264150856283834 0.5858630824101878
Vegetation 0.0 0 -10 422 203 424 203 0.0037182732485234737 0.09150134027004242 0.034891821444034576 4.376749308497608 1.6213297632793902 24.84054827543923 1.833046321450488
Vegetation 0.0 0 -10 428 203 429 203 0.004785728175193071 0.11776992678642273 0.044908709824085236 4.7060855560626464 1.6190564004525756 24.51547210187942 0.3403422667741478
Vegetation 0.0 0 -10 6 199 8 199 0.00458709429949522 0.11288180947303772 0.04304475337266922 -31.091034279282937 1.6953970458270773 31.793563782980808 0.7043722861801145
Vegetation 0.0 0 -10 425 202 426 202 0.003460465231910348 0.08515708148479462 0.03247259184718132 4.735696810752231 1.619303407813282 25.664099323871362 2.5734626287720617
Vegetation 0.0 0 -10 433 204 434 204 0.0036517020780593157 0.08986315876245499 0.03426714241504669 4.935413388397166 1.6186452773421482 24.05643037271298 0.21749557253680926
Vegetation 0.0 0 -10 440 204 441 205 0.004191690590232611 0.10315149277448654 0.03933432325720787 5.2181660956390346 1.6142029767760182 23.23567698315885 0.6193689778747473
Static 0.0 1 -10 18 191 41 196 0.5126523971557617 1.58349609375 0.5126523971557617 -30.669268760148384 1.5498342588797582 33.44790917332076 1.7006406099544729
Static 0.0 0 -10 372 169 407 192 2.738938331604004 3.8760783672332764 1.893609881401062 4.054570232803073 1.4727647126803651 43.97986834929393 0.12984401684346736
Static 0.0 1 -10 128 183 136 195 1.2140138149261475 0.5437172055244446 0.37456512451171875 -22.20998697037514 1.529248525571833 35.109516024935886 1.7006406099544729
Static 0.0 0 -10 511 185 528 213 1.2140138149261475 0.5437172055244446 0.37456512451171875 7.042282863375206 1.4665082036866492 15.844275924660428 0.11117978497586511
Dynamic 0.0 0 -10 373 208 388 209 0.006871973164379597 0.5145252346992493 0.6981179118156433 1.2055400342801903 1.6284254442511032 19.98795295864023 2.15471836424458
Dynamic 0.0 0 -10 162 204 173 205 0.006404489278793335 0.47952333092689514 0.6506265997886658 -12.694394635112474 1.6582685316068364 23.923912572866314 2.064139728197132
Dynamic 0.0 0 -10 359 199 366 199 0.01547146961092949 0.5016211867332458 0.5018327832221985 0.20872075920836153 1.6369302869799163 29.735269431838717 0.1282877986604795
Dynamic 0.0 0 -10 286 193 291 193 0.03543085977435112 0.4343317747116089 0.6127240061759949 -8.464117154456332 1.6490637824395016 43.6744866071181 2.49722511519469
Poles 0.0 0 -10 428 121 433 123 0.10929809510707855 0.4117761254310608 0.2957368493080139 4.180082555113785 1.4725302850789945 37.526116495194486 1.7006363488967287
Poles 0.0 0 -10 397 119 434 194 7.753437519073486 3.833437442779541 0.439208060503006 4.180082555113785 1.4725302850789945 37.526116495194486 1.7006363488967287
Other 0.0 0 -10 385 130 414 160 3.052478551864624 0.21492932736873627 3.0425829887390137 4.180082555113785 1.4725302850789945 37.526116495194486 1.7006363488967287
Poles 0.0 0 -10 428 121 433 123 0.10813476145267487 0.40739011764526367 0.29258644580841064 4.180082555113785 1.4725302850789945 37.526116495194486 1.7006363488967287
Poles 0.0 0 -10 552 56 563 61 0.10929809510707855 0.4117761254310608 0.2957368493080139 6.690714193285288 1.4672517215403398 17.68416161330469 1.7006363488967287
Poles 0.0 0 -10 489 50 567 210 7.753437519073486 3.833437442779541 0.439208060503006 6.690714193285288 1.4672517215403398 17.68416161330469 1.7006363488967287
TrafficSigns 0.0 0 -10 494 148 500 164 0.7619999051094055 0.5155503153800964 0.009999999776482582 6.690714193285288 1.4672517215403398 17.68416161330469 1.7006363488967287
Other 0.0 0 -10 465 74 526 139 3.052478551864624 0.21492932736873627 3.0425829887390137 6.690714193285288 1.4672517215403398 17.68416161330469 1.7006363488967287
Poles 0.0 0 -10 552 57 563 61 0.10813476145267487 0.40739011764526367 0.29258644580841064 6.690714193285288 1.4672517215403398 17.68416161330469 1.7006363488967287
Poles 0.0 1 -10 94 113 141 196 7.753437519073486 3.833437442779541 0.439208060503006 -21.16840727967721 1.5433423874954921 34.304889514672986 0.12984415000152172
TrafficSigns 0.0 0 -10 135 179 139 187 0.7619999051094055 0.263102650642395 0.009999999776482582 -21.16840727967721 1.5433423874954921 34.304889514672986 0.12984415000152172
Car 0.5 1 -10 312 181 326 192 1.4738311767578125 4.1928300857543945 1.8161858320236206 -5.537890074113832 1.6507820827110489 49.069790198147956 0.12364444414187184
Car 0.0 0 -10 338 180 355 193 1.5749659538269043 5.365678787231445 1.8007241487503052 -1.7457061900256576 1.61854094335022 46.90724784158911 0.1238179490868905
Pedestrian 0.0 0 -10 191 176 196 193 1.8600000143051147 0.3753577768802643 0.3753577768802643 -18.523615936505365 1.5150757879092378 40.22676621153492 0.01701613462700679
Pedestrian 0.0 0 -10 180 177 184 193 1.8600000143051147 0.3753577768802643 0.3753577768802643 -20.7414175474794 1.5198299360054084 42.1319582420577 0.18660583336908915
Pedestrian 0.0 0 -10 433 175 438 196 1.8600000143051147 0.3753577768802643 0.3753577768802643 6.611611942294672 1.4611209269062755 31.338808269630483 0.08631438251001315
Car 0.5 2 -10 -166 183 130 286 1.5347249507904053 5.0078253746032715 1.8816219568252563 -7.517572090707404 1.6495760896152556 8.173228146169212 0.11428196817164382
Car 0.0 0 -10 312 181 327 193 1.5012825727462769 3.633375883102417 1.845113754272461 -5.067335445331011 1.6652076044131192 45.22520015416684 0.12293591013385625