Fences 0.5 1 -10 -40 149 16 197 3.3111486434936523 2.7944066524505615 0.12882445752620697 -27.355489218272282 1.2198128277092262 24.676310579649027 2.182976966834329
Buildings 0.0 0 -10 372 180 405 194 1.393420696258545 4.038458347320557 0.562182605266571 3.369474401417392 1.4758750597113965 38.35933952802047 2.1856476406914407
Buildings 0.0 0 -10 401 180 431 193 1.393420696258545 4.038458347320557 0.562182605266571 6.652757259363 1.4699213765555446 40.67569609908615 2.1856476406914407
Buildings 0.0 0 -10 427 180 454 192 1.393420696258545 4.038458347320557 0.562182605266571 9.936056989285632 1.4639676627369913 42.9920551947816 2.1856476406914407
Buildings 0.0 0 -10 450 180 475 192 1.393420696258545 4.038458347320557 0.562182605266571 13.21933360336547 1.4580139909034946 45.30840738159446 2.1856476406914407
Buildings 0.25 1 -10 298 180 327 191 1.393420696258545 4.150892734527588 0.562182605266571 -6.617858091416849 1.4941119990433616 48.721095495163304 0.6152513979343484
Buildings 0.0 0 -10 313 180 343 192 1.393420696258545 4.150892734527588 0.562182605266571 -4.235895532376972 1.4897559547917698 45.34718285122527 0.6152513979343484
Buildings 0.0 0 -10 330 180 362 193 1.393420696258545 4.150892734527588 0.562182605266571 -1.853931113716726 1.4853999072358128 41.97328083541592 0.6152513979343484
Buildings 0.0 0 -10 350 180 384 194 1.393420696258545 4.150892734527588 0.562182605266571 0.5280483173001613 1.4810438323215196 38.59937071610764 0.6152513979343484
Vegetation 0.0 0 -10 419 182 437 193 0.9019812345504761 1.1472564935684204 1.0730178356170654 5.900270271779036 0.9959483770393054 30.82519093868413 1.5272411261149776
Vegetation 0.0 0 -10 472 183 488 192 0.9019812345504761 1.1472562551498413 1.0730175971984863 11.908505812359067 1.0670546317472573 35.29564569263434 2.1794213804629643
Vegetation 0.0 1 -10 525 182 541 190 0.9019812345504761 1.1472567319869995 1.073017954826355 19.801447966432107 1.0534901759372555 40.90954575818438 2.1057373057387614
Vegetation 0.0 2 -10 398 182 412 192 1.3002063035964966 1.6999601125717163 0.9506067633628845 6.289668875045351 1.5825303547216687 49.16203970382979 0.5768451529059889
Vegetation 0.0 1 -10 408 182 422 192 1.3002063035964966 1.699960470199585 0.9506067633628845 7.395056055243643 1.5805093413452802 47.577964621452296 0.6641117486637598
Vegetation 0.0 2 -10 338 182 355 194 1.3002063035964966 1.699960470199585 0.9506067633628845 -1.5071616810913895 1.5967559102768694 42.322800345081575 0.6641117486637598
Vegetation 0.0 2 -10 323 182 338 193 1.3002063035964966 1.699960470199585 0.9506067633628845 -3.5801421258446027 1.600547566851711 45.18278851047209 0.6641117486637598
Vegetation 0.0 2 -10 332 182 349 194 1.3002063035964966 1.6999601125717163 0.9506067633628845 -2.2506744778407892 1.5981158582155142 43.32485949593092 0.5768451529059889
Vegetation 0.0 1 -10 327 182 343 193 1.3002063035964966 1.6999601125717163 0.9506067633628845 -2.9148423632354366 1.5993321501472924 44.32950410316205 0.5768451529059889
Vegetation 0.0 2 -10 306 182 321 192 1.3002063035964966 1.699960470199585 0.9506067633628845 -6.235039715651226 1.6054890153723784 49.056064955529926 0.6641117486637598
Vegetation 0.0 1 -10 310 182 325 192 1.3002063035964966 1.6999601125717163 0.9506067633628845 -5.545187467247246 1.6042274005950148 48.07360357597413 0.5768451529059889
Vegetation 0.0 1 -10 314 182 329 193 1.3002063035964966 1.6999601125717163 0.9506068229675293 -4.935272987027403 1.6031113638792522 47.120600909889745 0.4895786903062724
Vegetation 0.0 2 -10 414 182 428 192 1.3002063035964966 1.6999598741531372 0.9506064653396606 8.144861979714548 1.5793452104237213 47.7572906230092 2.1476416128589397
Vegetation 0.0 1 -10 414 182 430 194 1.3002063035964966 1.6999599933624268 0.9506067633628845 7.298900498718325 1.580807302107488 41.970802416174365 2.2349078091425474
Vegetation 0.0 1 -10 407 182 423 194 1.3002063035964966 1.6999598741531372 0.9506064653396606 6.331838076980617 1.5825609311424431 41.29176057289773 2.1476416128589397
Vegetation 0.0 1 -10 398 183 415 194 1.3002063035964966 1.6999599933624268 0.9506067633628845 5.251942754277209 1.5845179445669693 40.53349089715202 2.2349078091425474
Vegetation 0.0 0 -10 431 182 446 193 1.3002063035964966 1.6999599933624268 0.9506067633628845 9.49177738285131 1.5768299178913083 43.51057392331532 2.2349078091425474
Vegetation 0.0 1 -10 445 182 459 193 1.3002063035964966 1.6999599933624268 0.9506067633628845 11.553913964479477 1.573091445312767 44.95854356091408 2.2349078091425474
Vegetation 0.0 1 -10 438 182 454 193 1.3002063035964966 1.6999598741531372 0.9506064653396606 10.586851542741769 1.574845074347722 44.279501717637444 2.1476416128589397
Vegetation 0.0 0 -10 422 182 439 194 1.3002063035964966 1.6999598741531372 0.9506064653396606 8.384739979434585 1.5788382879074911 42.733245900601375 2.1476416128589397
Vegetation 0.0 2 -10 452 182 467 193 1.3002063035964966 1.6999598741531372 0.9506064653396606 12.639759689061549 1.5711224197904148 45.720991429593894 2.1476416128589397
Vegetation 0.0 1 -10 459 182 473 192 1.3002063035964966 1.6999599933624268 0.9506067633628845 13.74678460474668 1.5691140724189423 46.49831068380223 2.2349078091425474
Vegetation 0.0 1 -10 465 182 480 192 1.3002063035964966 1.6999598741531372 0.9506064653396606 14.796890443196588 1.5672107724782909 47.23566308940727 2.1476416128589397
Vegetation 0.0 1 -10 389 183 406 195 1.3002063035964966 1.6999598741531372 0.9506064653396606 4.144911594726281 1.586526303260797 39.75616725869088 2.1476416128589397
Static 0.0 0 -10 415 188 438 197 0.7382221817970276 1.3844952583312988 1.3844952583312988 5.765079425376513 1.4714599726675064 30.87798179526382 2.278661265520866
Static 0.0 1 -10 472 187 493 196 0.7382221817970276 1.3844947814941406 1.3844945430755615 12.03930288596409 1.542082133188338 35.2906796866658 2.930838939931547
Static 0.0 0 -10 525 186 545 193 0.7382221817970276 1.3844952583312988 1.3844952583312988 19.941950798502802 1.5285001403604257 40.921080772650825 2.8571545988912344
Vegetation 0.25 1 -10 307 21 462 194 17.755006790161133 14.717049598693848 14.293157577514648 1.8144145838917325 1.4395346927493122 45.65847423458793 2.114767535718245
Vegetation 0.0 0 -10 253 192 254 192 0.0009404629818163812 0.10059145092964172 0.039146747440099716 -14.079721475674404 1.6574607998033568 47.87811398303416 2.5538267425807435
Vegetation 0.0 0 -10 257 192 257 192 0.0007935344474390149 0.08487603813409805 0.03303084895014763 -13.589709544480385 1.653688941996245 47.836243474383615 2.593463035137584
Vegetation 0.0 0 -10 258 192 259 192 0.0010613988852128386 0.11352666467428207 0.04418069124221802 -13.285324673346338 1.6511778823779788 47.520773394846884 2.2710860536029465
Vegetation 0.0 0 -10 259 192 260 192 0.0008084167493507266 0.08646784722805023 0.03365032374858856 -13.017856409320643 1.6531942918810527 46.97843240126298 1.7339160754057132
Vegetation 0.0 0 -10 259 192 260 192 0.0008060832042247057 0.08621823787689209 0.03355318680405617 -12.995985014726244 1.6546014360678758 46.805746651488796 2.754070024680883
Vegetation 0.0 0 -10 68 204 69 204 0.0008243189658969641 0.08816873282194138 0.03431225195527077 -19.573762919353356 1.6633214974938606 24.2477289785119 3.1307725629759373
Vegetation 0.0 0 -10 252 192 253 192 0.000982901779934764 0.0748625099658966 0.04125353321433067 -14.105342888993022 1.6562593909179437 47.58408061023073 2.0181635143492493
Vegetation 0.0 0 -10 254 192 255 192 0.0008706969674676657 0.06631646305322647 0.03654417768120766 -13.914904532143254 1.6562887253915777 47.721398586718934 2.2556509628137142
Vegetation 0.0 0 -10 258 192 259 192 0.0009446513722650707 0.07194919139146805 0.03964813053607941 -13.17910480283193 1.6553753784333807 46.93846135806996 1.7595853530466055
Vegetation 0.0 0 -10 74 204 75 204 0.0008987887995317578 0.06845606863498688 0.03772322088479996 -19.37650793598017 1.666326203676388 24.46522879277608 3.111926304047828
Vegetation 0.0 0 -10 259 192 259 192 0.0010120931547135115 0.07708587497472763 0.042478736490011215 -13.195599886111381 1.6528476746760654 47.237540615770044 1.63678449846953
Vegetation 0.0 0 -10 263 192 264 192 0.0008482299745082855 0.0646052360534668 0.035601187497377396 -12.329658866225856 1.6507585283047326 46.20146872264842 2.4289260187736543
Vegetation 0.0 0 -10 65 205 67 205 0.0010858665918931365 0.0827048197388649 0.045575100928545 -19.351544091971377 1.6607869639082742 23.73025449113348 2.0343336958559926
Vegetation 0.0 0 -10 70 203 71 204 0.0008154730312526226 0.06211034208536148 0.03422636166214943 -20.00825746282578 1.6645547623991743 24.920489834060007 1.1841503439378136
Vegetation 0.0 0 -10 255 192 255 192 0.0037182732485234737 0.09150134027004242 0.034891821444034576 -13.685466986574994 1.6560947623173734 47.10261239322925 2.315381879382017
Vegetation 0.0 0 -10 258 192 258 192 0.004785728175193071 0.11776992678642273 0.044908709824085236 -13.242916896761841 1.653721385475341 46.96738726155827 0.8226778247056772
Vegetation 0.0 0 -10 256 192 257 192 0.003460465231910348 0.08515708148479462 0.03247259184718132 -13.749473190731806 1.6549673794772863 47.99870707104992 3.055798186703591
Vegetation 0.0 0 -10 260 192 261 192 0.0036517020780593157 0.08986315876245499 0.03426714241504669 -12.82682609858054 1.6530414966387792 46.66708954370555 0.6998311304683386
Vegetation 0.0 0 -10 264 192 264 192 0.004191690590232611 0.10315149277448654 0.03933432325720787 -12.195625598132821 1.6480497924238118 46.0711315184258 1.1017045358062767
Car 0.5 1 -10 536 192 881 285 1.300939917564392 4.717525005340576 1.894826889038086 6.316721610845974 1.6227256097882121 7.385301940013569 0.08858259681043364
Car 0.0 0 -10 431 184 582 229 1.4519524574279785 4.673638820648193 2.0022923946380615 5.0736004812205096 1.624987745194808 13.014756722734028 0.26311505595667584
Buildings 0.0 0 -10 371 170 381 180 1.0564154386520386 0.7665429711341858 0.7290551662445068 1.689547482483107 0.085498160340308 37.201550351438556 2.182976167886002
Buildings 0.0 0 -10 414 172 422 180 1.0564154386520386 0.7665429711341858 0.7290551662445068 7.811532524364068 0.1215344905097755 48.283735291210846 2.182976167886002
Static 0.0 1 -10 460 190 475 196 0.5126523971557617 1.58349609375 0.5126523971557617 10.170703983096729 1.5455536767400093 33.79363195344041 2.182976167886002
Static 0.0 0 -10 539 188 550 193 0.5126523971557617 1.58349609375 0.5126523971557617 21.469172688557222 1.5250618655864332 41.7270733198377 2.182976167886002
Static 0.0 0 -10 677 185 690 211 1.2140138149261475 0.5437172055244446 0.374565064907074 15.507394752058843 1.473887396873018 17.241712187016404 0.663360870394412
Static 0.0 0 -10 293 182 299 193 1.2140138149261475 0.5437172055244446 0.37456512451171875 -7.151109927732023 1.4950165987511288 40.36924867142642 0.593515342907394
Static 0.0 0 -10 449 182 455 193 1.2140138149261475 0.5437172055244446 0.37456512451171875 10.691331775984807 1.5401258829897393 41.571750645080584 2.182976167886002
Poles 0.0 1 -10 497 41 535 217 7.608907699584961 1.1106011867523193 1.1126819849014282 -15.859006206983821 1.6630333406167126 10.323855660391501 2.182976167886002
Dynamic 0.0 0 -10 380 210 384 210 0.005253213457763195 0.15343409776687622 0.12558907270431519 1.2102492129849622 1.6290577526203338 19.155282017844776 0.6361321787772238
Dynamic 0.0 0 -10 367 210 371 210 0.005328621249645948 0.15563657879829407 0.12739184498786926 0.4874101131474333 1.6303731282230207 19.28175870123372 0.516269556541319
Dynamic 0.0 0 -10 303 212 309 213 0.01898559369146824 0.18891826272010803 0.2674321234226227 -2.665080182106607 1.6360961350987402 17.95073294176205 2.6022776988715823
Dynamic 0.0 0 -10 288 201 298 202 0.006424764171242714 0.48104140162467957 0.6526862978935242 -4.941389360767602 1.6402971050154218 26.42001362571984 0.5554043092858699
Dynamic 0.0 0 -10 110 201 124 201 0.007005174178630114 0.5244984030723572 0.7116495966911316 -18.52859270016944 1.6650139312000551 27.658312352305977 2.600174733716801
Dynamic 0.0 0 -10 231 194 239 194 0.006871973164379597 0.5145252346992493 0.6981179118156433 -14.24401721174344 1.6573220276299305 41.332662688409755 2.6370539221761096
Dynamic 0.0 0 -10 109 201 122 202 0.006976887583732605 0.522380530834198 0.70877605676651 -18.572803007065943 1.6650922651054785 27.374903617287536 3.1192915423585514
Dynamic 0.0 0 -10 88 195 97 195 0.006404489278793335 0.47952333092689514 0.6506265997886658 -28.383861890804354 1.6830132781849096 38.37209127119663 2.5464752861286617
TrafficSigns 0.0 0 -10 633 121 647 151 0.7619999051094055 0.5155503153800964 0.009999999776482582 7.509485741839441 1.4681317071545963 9.73137822998006 1.8339047248488474
Other 0.5 1 -10 576 -13 701 106 3.052478551864624 0.21492932736873627 3.0425829887390137 7.509485741839441 1.4681317071545963 9.73137822998006 1.8339047248488474
Poles 0.0 0 -10 436 94 443 97 0.10929809510707855 0.4117761254310608 0.2957368493080139 2.553369350678423 1.4772554698920664 25.030286774657 2.008437117416062
Poles 0.0 0 -10 392 88 445 201 7.753437519073486 3.833437442779541 0.439208060503006 2.553369350678423 1.4772554698920664 25.030286774657 2.008437117416062
TrafficSigns 0.0 0 -10 396 157 398 169 0.7619999051094055 0.5155503153800964 0.009999999776482582 2.553369350678423 1.4772554698920664 25.030286774657 2.008437117416062
Other 0.0 0 -10 375 105 417 151 3.052478551864624 0.21492932736873627 3.0425829887390137 2.553369350678423 1.4772554698920664 25.030286774657 2.008437117416062
Poles 0.0 0 -10 436 94 443 97 0.10813476145267487 0.40739011764526367 0.29258644580841064 2.553369350678423 1.4772554698920664 25.030286774657 2.008437117416062
Poles 0.0 0 -10 311 129 315 130 0.10929809510707855 0.4117761254310608 0.2957368493080139 -8.315998427142787 1.4971444394776743 41.836153812998916 2.182971906828258
Poles 0.0 0 -10 285 125 317 192 7.753437519073486 3.833437442779541 0.439208060503006 -8.315998427142787 1.4971444394776743 41.836153812998916 2.182971906828258
TrafficSigns 0.0 0 -10 287 166 289 173 0.7619999051094055 0.5155503153800964 0.009999999776482582 -8.315998427142787 1.4971444394776743 41.836153812998916 2.182971906828258
Other 0.0 0 -10 275 135 300 163 3.052478551864624 0.21492932736873627 3.0425829887390137 -8.315998427142787 1.4971444394776743 41.836153812998916 2.182971906828258
Poles 0.0 0 -10 311 129 315 130 0.10813476145267487 0.40739011764526367 0.29258644580841064 -8.315998427142787 1.4971444394776743 41.836153812998916 2.182971906828258
Poles 0.0 0 -10 111 91 118 94 0.10929809510707855 0.4117761254310608 0.2957368493080139 -19.664777712975237 1.5176451454336632 23.047752606657056 2.182976167886002
Poles 0.0 0 -10 47 81 120 204 7.753437519073486 3.833437442779541 0.439208060503006 -19.664777712975237 1.5176451454336632 23.047752606657056 2.182976167886002
Other 0.0 0 -10 20 97 82 150 3.052478551864624 0.21492932736873627 3.0425829887390137 -19.664777712975237 1.5176451454336632 23.047752606657056 2.182976167886002
Poles 0.0 0 -10 111 91 118 94 0.10813476145267487 0.40739011764526367 0.29258644580841064 -19.664777712975237 1.5176451454336632 23.047752606657056 2.182976167886002
Poles 0.0 0 -10 545 152 573 192 4.685649871826172 2.0568554401397705 2.300708055496216 24.030962091600685 1.4878543006157456 43.636088125779935 2.182976167886002
Poles 0.0 0 -10 546 161 572 165 0.32664671540260315 1.9347323179244995 2.178541898727417 24.030962091600685 1.4878543006157456 43.636088125779935 2.182976167886002
Poles 0.0 0 -10 546 161 572 165 0.3244769275188446 1.9323431253433228 2.1761527061462402 24.030962091600685 1.4878543006157456 43.636088125779935 2.182976167886002
Poles 0.0 1 -10 562 120 622 207 4.685649871826172 2.0568554401397705 2.300708055496216 13.305963679276374 1.4749044082662504 20.826256370786155 2.182976167886002
Poles 0.0 0 -10 564 140 620 150 0.32664671540260315 1.9347323179244995 2.178541898727417 13.305963679276374 1.4749044082662504 20.826256370786155 2.182976167886002
Poles 0.0 0 -10 564 140 620 150 0.3244769275188446 1.9323431253433228 2.1761527061462402 13.305963679276374 1.4749044082662504 20.826256370786155 2.182976167886002
Poles 0.0 2 -10 610 137 655 200 4.685649871826172 2.0568554401397705 2.300708055496216 21.226750784108035 1.533787293557078 28.169559750100547 2.182976167886002
Poles 0.0 2 -10 611 152 654 158 0.32664671540260315 1.9347323179244995 2.178541898727417 21.226750784108035 1.533787293557078 28.169559750100547 2.182976167886002
Poles 0.0 2 -10 611 152 654 158 0.3244769275188446 1.9323431253433228 2.1761527061462402 21.226750784108035 1.533787293557078 28.169559750100547 2.182976167886002
Poles 0.0 0 -10 430 142 465 197 4.685649871826172 2.0568554401397705 2.300708055496216 7.663042547430891 1.5175351757167461 32.143032447010825 2.182976167886002
Poles 0.0 0 -10 431 155 464 161 0.32664671540260315 1.9347323179244995 2.178541898727417 7.663042547430891 1.5175351757167461 32.143032447010825 2.182976167886002
Poles 0.0 0 -10 431 155 464 161 0.3244769275188446 1.9323431253433228 2.1761527061462402 7.663042547430891 1.5175351757167461 32.143032447010825 2.182976167886002
Poles 0.0 1 -10 496 148 527 194 4.685649871826172 2.0568554401397705 2.300708055496216 15.84700231951578 1.5026947381662459 37.88956028639538 2.182976167886002
Poles 0.0 0 -10 497 159 526 163 0.32664671540260315 1.9347323179244995 2.178541898727417 15.84700231951578 1.5026947381662459 37.88956028639538 2.182976167886002
Poles 0.0 0 -10 497 159 526 163 0.3244769275188446 1.9323431253433228 2.1761527061462402 15.84700231951578 1.5026947381662459 37.88956028639538 2.182976167886002
Pedestrian 0.0 1 -10 538 170 551 213 1.8600000143051147 0.3753577768802643 0.3753577768802643 8.153662408957004 1.460785761686827 15.868408883399312 0.38011770949794466
Pedestrian 0.0 0 -10 40 178 47 197 1.8600000143051147 0.3753577768802643 0.3753577768802643 -29.819778466407968 1.6776065066878383 33.98714698927263 0.2529167468783264
Pedestrian 0.0 0 -10 43 178 48 197 1.8600000143051147 0.3753577768802643 0.3753577768802643 -30.83327193487719 1.681824025281704 35.36210478015023 0.6486975054324358
Pedestrian 0.0 0 -10 373 175 379 198 1.8600000143051147 0.3753577768802643 0.3753577768802643 1.3266434378037388 1.473294053536312 28.741869835636166 0.5701696733175962