Buildings 0.0 0 -10 307 180 335 192 1.393420696258545 4.038458347320557 0.562182605266571 -4.617781928979227 1.491708233437484 46.289379250224336 2.3704569721681894
Buildings 0.5 1 -10 332 180 356 191 1.393420696258545 4.038458347320557 0.562182605266571 -1.8160638452818887 1.4847857761053365 49.169625502857855 2.3704569721681894
Buildings 0.5 1 -10 271 180 299 191 1.393420696258545 4.150892734527588 0.562182605266571 -10.416326005003995 1.505793556073961 48.881930093917425 0.8000607294110975
Buildings 0.0 0 -10 289 180 317 192 1.393420696258545 4.150892734527588 0.562182605266571 -7.454926423193086 1.4986439041392015 46.00318425372103 0.8000607294110975
Vegetation 0.0 0 -10 345 182 359 190 0.9019812345504761 1.1472564935684204 1.0730178356170654 -0.7459307281796441 1.0071798885747407 39.34872661264574 1.7120504575917266
Vegetation 0.0 1 -10 387 182 400 190 0.9019812345504761 1.1472562551498413 1.0730175971984863 4.33855353099743 1.0766091338570938 44.8471008508884 2.3642307119397135
Vegetation 0.0 1 -10 283 182 298 192 1.3002063035964966 1.6999601125717163 0.9506067633628845 -9.280992667580918 1.6150177529332557 48.450237898620195 0.7616544843827378
Vegetation 0.0 1 -10 287 182 302 193 1.3002063035964966 1.6999601125717163 0.9506068229675293 -8.506337066673623 1.6131495411204488 47.62553577734498 0.6743880217830214
Vegetation 0.0 2 -10 293 182 308 193 1.3002063035964966 1.699960470199585 0.9506067633628845 -7.579052761777319 1.610909253999537 46.7794144639925 0.8489210801405088
Vegetation 0.0 2 -10 299 182 314 193 1.3002063035964966 1.699960470199585 0.9506067633628845 -6.716400476829833 1.6087064914838776 45.87027843402754 0.8489210801405088
Vegetation 0.0 1 -10 307 182 322 193 1.3002063035964966 1.6999599933624268 0.9506067633628845 -5.83024026805667 1.6067061932901 46.04649470249221 2.4197171406192965
Vegetation 0.0 1 -10 314 182 328 193 1.3002063035964966 1.6999599933624268 0.9506067633628845 -5.039403843693933 1.604773058251363 46.85588251279441 2.4197171406192965
Vegetation 0.25 2 -10 336 182 350 192 1.3002063035964966 1.6999598741531372 0.9506064653396606 -2.2446518037394583 1.5978684789155548 49.716193832533364 2.332450944335689
Vegetation 0.0 1 -10 329 182 343 192 1.3002063035964966 1.6999599933624268 0.9506067633628845 -3.1668179273149804 1.600145616874102 48.77239554327819 2.4197171406192965
Vegetation 0.0 1 -10 321 182 336 192 1.3002063035964966 1.6999598741531372 0.9506064653396606 -4.112156433312691 1.6024821442568387 47.80488128867691 2.332450944335689
Static 0.0 0 -10 343 186 360 193 0.7382221817970276 1.3844952583312988 1.3844952583312988 -0.8882097501550277 1.4827925329993028 39.37563393267825 2.463470596997615
Static 0.0 2 -10 387 186 403 192 0.7382221817970276 1.3844947814941406 1.3844945430755615 4.468345986393032 1.5515576869361936 44.866112612844894 3.1156482714082956
Vegetation 0.0 0 -10 45 201 46 201 0.0008243189658969641 0.08816873282194138 0.03431225195527077 -24.577070836704664 1.6867825812248995 28.201991146302213 0.17398924086289327
Vegetation 0.0 0 -10 50 201 51 201 0.0008987887995317578 0.06845606863498688 0.03772322088479996 -24.423140378032045 1.689761487637236 28.452033686201247 0.15514298193478382
Vegetation 0.0 0 -10 44 201 45 201 0.0010858665918931365 0.0827048197388649 0.045575100928545 -24.263547361624873 1.6839035772691966 27.73416398852237 2.2191430273327417
Vegetation 0.0 0 -10 45 201 46 201 0.0008154730312526226 0.06211034208536148 0.03422636166214943 -25.127791295589645 1.6885491338080854 28.783453198826045 1.3689596754145623
Car 0.0 0 -10 391 186 504 219 1.300939917564392 4.717525005340576 1.894826889038086 3.971120775906897 1.624016661769059 16.384326691438083 0.2733919282871826
Car 0.0 0 -10 348 182 431 208 1.4519524574279785 4.673638820648193 2.0022923946380615 1.7147088937391004 1.6293369903699917 21.68948424518674 0.4479243874334248
Buildings 0.0 0 -10 307 172 315 180 1.0564154386520386 0.7665429711341858 0.7290551662445068 -6.057255741688081 0.10183873403126964 44.8430195842933 2.367785499362751
Static 0.0 1 -10 400 187 411 192 0.5126523971557617 1.58349609375 0.5126523971557617 5.883132922579861 1.5481491422829887 46.0974750416245 2.367785499362751
Static 0.0 0 -10 501 183 508 199 1.2140138149261475 0.5437172055244446 0.374565064907074 11.193990031785333 1.4738616443489572 27.761807694679383 0.8481702018711608
Static 0.0 0 -10 238 182 243 191 1.2140138149261475 0.5437172055244446 0.37456512451171875 -15.32853923703594 1.5178556126389529 46.33180599415929 0.7783246743841432
Poles 0.0 1 -10 392 92 414 203 7.608907699584961 1.1106011867523193 1.1126819849014282 -18.36693978957023 1.6785546728598026 15.197842182040965 2.367785499362751
Dynamic 0.0 0 -10 315 201 318 201 0.005253213457763195 0.15343409776687622 0.12558907270431519 -3.211226252047638 1.6382143868324972 27.015518412509543 0.8209415102539729
Dynamic 0.0 0 -10 306 201 308 201 0.005328621249645948 0.15563657879829407 0.12739184498786926 -3.9449966096596967 1.6400063076371678 27.00701288279007 0.701078888018068
Dynamic 0.0 0 -10 260 203 264 203 0.01898559369146824 0.18891826272010803 0.2674321234226227 -6.799212588968501 1.647028908244372 25.11935294832397 2.7870870303483315
Dynamic 0.0 0 -10 241 197 249 198 0.006424764171242714 0.48104140162467957 0.6526862978935242 -10.59305992299555 1.656069130675111 33.02611995431264 0.7402136407626189
Dynamic 0.0 0 -10 78 198 91 199 0.007005174178630114 0.5244984030723572 0.7116495966911316 -24.176421718979725 1.6892723949310984 31.746555671403087 2.7849840651935507
Dynamic 0.0 0 -10 77 199 89 199 0.006976887583732605 0.522380530834198 0.70877605676651 -24.16780031765809 1.6892594438973632 31.459848945804907 0.16250822024550718
Poles 0.0 0 -10 50 34 66 39 0.10929809510707855 0.4117761254310608 0.2957368493080139 -16.00456739335973 1.520388410769342 14.853332011964518 2.0187075315809255
Poles 0.5 1 -10 -39 26 70 217 7.753437519073486 3.833437442779541 0.439208060503006 -16.00456739335973 1.520388410769342 14.853332011964518 2.0187075315809255
Other 0.5 1 -10 -72 55 14 132 3.052478551864624 0.21492932736873627 3.0425829887390137 -16.00456739335973 1.520388410769342 14.853332011964518 2.0187075315809255
Poles 0.0 0 -10 50 34 66 39 0.10813476145267487 0.40739011764526367 0.29258644580841064 -16.00456739335973 1.520388410769342 14.853332011964518 2.0187075315809255
Poles 0.0 0 -10 504 64 514 68 0.10929809510707855 0.4117761254310608 0.2957368493080139 4.712360815465118 1.4696932285289683 18.90967963467073 2.0187140563255963
Poles 0.0 0 -10 444 58 517 208 7.753437519073486 3.833437442779541 0.439208060503006 4.712360815465118 1.4696932285289683 18.90967963467073 2.0187140563255963
TrafficSigns 0.0 0 -10 448 150 452 165 0.7619999051094055 0.5155503153800964 0.009999999776482582 4.712360815465118 1.4696932285289683 18.90967963467073 2.0187140563255963
Other 0.0 0 -10 420 81 478 141 3.052478551864624 0.21492932736873627 3.0425829887390137 4.712360815465118 1.4696932285289683 18.90967963467073 2.0187140563255963
Poles 0.0 0 -10 504 64 514 68 0.10813476145267487 0.40739011764526367 0.29258644580841064 4.712360815465118 1.4696932285289683 18.90967963467073 2.0187140563255963
Poles 0.0 0 -10 357 115 362 117 0.10929809510707855 0.4117761254310608 0.2957368493080139 -2.970659929369333 1.4880540660005592 33.03733534384593 2.193246448892811
Poles 0.0 0 -10 324 111 364 196 7.753437519073486 3.833437442779541 0.439208060503006 -2.970659929369333 1.4880540660005592 33.03733534384593 2.193246448892811
TrafficSigns 0.0 0 -10 327 163 329 171 0.7619999051094055 0.5155503153800964 0.009999999776482582 -2.970659929369333 1.4880540660005592 33.03733534384593 2.193246448892811
Other 0.0 0 -10 311 123 343 158 3.052478551864624 0.21492932736873627 3.0425829887390137 -2.970659929369333 1.4880540660005592 33.03733534384593 2.193246448892811
Poles 0.0 0 -10 357 115 362 117 0.10813476145267487 0.40739011764526367 0.29258644580841064 -2.970659929369333 1.4880540660005592 33.03733534384593 2.193246448892811
Poles 0.0 0 -10 85 105 92 107 0.10929809510707855 0.4117761254310608 0.2957368493080139 -24.446124822520602 1.5406633165764592 27.00576750097128 2.367785499362751
Poles 0.0 0 -10 29 96 94 200 7.753437519073486 3.833437442779541 0.439208060503006 -24.446124822520602 1.5406633165764592 27.00576750097128 2.367785499362751
Other 0.0 0 -10 5 110 60 154 3.052478551864624 0.21492932736873627 3.0425829887390137 -24.446124822520602 1.5406633165764592 27.00576750097128 2.367785499362751
Poles 0.0 0 -10 85 105 92 107 0.10813476145267487 0.40739011764526367 0.29258644580841064 -24.446124822520602 1.5406633165764592 27.00576750097128 2.367785499362751
Poles 0.0 0 -10 525 119 580 207 4.685649871826172 2.0568554401397705 2.300708055496216 10.990920492494666 1.4579150298574906 20.674482241495163 2.367785499362751
Poles 0.0 0 -10 527 139 578 150 0.32664671540260315 1.9347323179244995 2.178541898727417 10.990920492494666 1.4579150298574906 20.674482241495163 2.367785499362751
Poles 0.0 0 -10 527 139 578 150 0.3244769275188446 1.9323431253433228 2.1761527061462402 10.990920492494666 1.4579150298574906 20.674482241495163 2.367785499362751
Poles 0.0 1 -10 441 140 477 198 4.685649871826172 2.0568554401397705 2.300708055496216 8.371356276057881 1.4776533997154355 30.880779144209193 2.367785499362751
Poles 0.0 0 -10 442 154 476 159 0.32664671540260315 1.9347323179244995 2.178541898727417 8.371356276057881 1.4776533997154355 30.880779144209193 2.367785499362751
Poles 0.0 0 -10 442 154 476 159 0.3244769275188446 1.9323431253433228 2.1761527061462402 8.371356276057881 1.4776533997154355 30.880779144209193 2.367785499362751
Poles 0.0 1 -10 481 150 510 194 4.685649871826172 2.0568554401397705 2.300708055496216 14.807904881497834 1.5349251668222244 39.554533226039275 2.367785499362751
Poles 0.0 1 -10 354 151 381 193 4.685649871826172 2.0568554401397705 2.300708055496216 0.7449994423376864 1.5282771098756698 40.96789626166717 2.367785499362751
Poles 0.0 0 -10 355 161 380 165 0.32664671540260315 1.9347323179244995 2.178541898727417 0.7449994423376864 1.5282771098756698 40.96789626166717 2.367785499362751
Poles 0.0 0 -10 355 161 380 165 0.3244769275188446 1.9323431253433228 2.1761527061462402 0.7449994423376864 1.5282771098756698 40.96789626166717 2.367785499362751
Poles 0.0 0 -10 407 155 430 191 4.685649871826172 2.0568554401397705 2.300708055496216 7.733612404138327 1.511010616534995 48.12044807428271 2.367785499362751
Poles 0.0 0 -10 408 163 429 167 0.32664671540260315 1.9347323179244995 2.178541898727417 7.733612404138327 1.511010616534995 48.12044807428271 2.367785499362751
Poles 0.0 0 -10 408 163 429 167 0.3244769275188446 1.9323431253433228 2.1761527061462402 7.733612404138327 1.511010616534995 48.12044807428271 2.367785499362751
Pedestrian 0.0 0 -10 341 175 347 196 1.8600000143051147 0.3753577768802643 0.3753577768802643 -1.3918996239119252 1.4779974449120403 32.37548952280644 0.6308059231760925
Pedestrian 0.0 1 -10 375 175 382 198 1.8600000143051147 0.3753577768802643 0.3753577768802643 1.541985853833964 1.470920251264165 29.31000581727843 0.5516264155425108