NONE 0.0 0 -10 355 200 671 202 1.6081226229577292e-16 2.75 23.5 11.389302226446867 1.6836693585177167 28.20590844854713 1.573186380715188
TrafficLight 0.0 0 -10 235 150 239 159 1.1868969202041626 0.367499977350235 0.40101560950279236 -16.061099486770438 1.4477679115436022 39.52108103800745 0.01097755001330647
TrafficLight 0.0 0 -10 225 147 229 157 1.1868969202041626 0.367499977350235 0.40101560950279236 -16.061099486770438 1.4477679115436022 39.52108103800745 0.01097755001330647
TrafficLight 0.0 0 -10 205 159 215 171 1.2981234788894653 0.7821386456489563 0.7703027129173279 -16.061099486770438 1.4477679115436022 39.52108103800745 0.01097755001330647
TrafficLight 0.0 0 -10 208 151 215 165 1.4080413579940796 0.9675487875938416 0.40101560950279236 -16.061099486770438 1.4477679115436022 39.52108103800745 0.01097755001330647
Poles 0.0 0 -10 212 119 222 129 0.8008202910423279 0.23537494242191315 2.284640073776245 -16.061099486770438 1.4477679115436022 39.52108103800745 0.01097755001330647
Poles 0.0 0 -10 206 134 247 161 2.5127460956573486 9.88101577758789 1.408475637435913 -16.061099486770438 1.4477679115436022 39.52108103800745 0.01097755001330647
TrafficSigns 0.0 0 -10 220 149 231 153 0.44764381647109985 0.06509923934936523 1.2684557437896729 -16.061099486770438 1.4477679115436022 39.52108103800745 0.01097755001330647
TrafficSigns 0.0 0 -10 212 161 220 163 0.18351325392723083 0.19678111374378204 0.7515859007835388 -16.061099486770438 1.4477679115436022 39.52108103800745 0.01097755001330647
Poles 0.0 0 -10 203 115 214 126 0.8008202910423279 0.23537494242191315 2.284640073776245 -16.061099486770438 1.4477679115436022 39.52108103800745 0.01097755001330647
TrafficSigns 0.0 0 -10 210 174 215 181 0.7619999051094055 0.5158092975616455 0.009999999776482582 -16.061099486770438 1.4477679115436022 39.52108103800745 0.01097755001330647
TrafficLight 0.0 0 -10 212 182 213 184 0.20139548182487488 0.06343229115009308 0.09999999403953552 -16.061099486770438 1.4477679115436022 39.52108103800745 0.01097755001330647
Poles 0.0 0 -10 210 187 217 194 0.8319958448410034 0.5600000023841858 0.5600000023841858 -16.061099486770438 1.4477679115436022 39.52108103800745 0.01097755001330647
Poles 0.0 0 -10 212 124 215 188 7.011814594268799 0.20577029883861542 0.20577025413513184 -16.061099486770438 1.4477679115436022 39.52108103800745 0.01097755001330647
TrafficLight 0.0 0 -10 426 136 431 149 1.1868969202041626 0.40101560950279236 0.367499977350235 5.969490380661346 1.4270947744073101 43.1471095159599 1.5817750752306936
TrafficLight 0.0 0 -10 419 140 423 152 1.1868969202041626 0.40101560950279236 0.367499977350235 5.969490380661346 1.4270947744073101 43.1471095159599 1.5817750752306936
TrafficLight 0.0 0 -10 405 154 414 166 1.4080413579940796 0.40101560950279236 0.9675390124320984 5.969490380661346 1.4270947744073101 43.1471095159599 1.5817750752306936
Poles 0.0 0 -10 408 120 413 130 0.8008202910423279 0.23537494242191315 2.284640073776245 5.969490380661346 1.4270947744073101 43.1471095159599 1.5817750752306936
TrafficSigns 0.0 0 -10 408 143 410 148 0.4409773647785187 0.6009998321533203 0.16373874247074127 5.969490380661346 1.4270947744073101 43.1471095159599 1.5817750752306936
TrafficSigns 0.0 0 -10 409 146 420 150 0.44764381647109985 0.06509923934936523 1.2684557437896729 5.969490380661346 1.4270947744073101 43.1471095159599 1.5817750752306936
Poles 0.0 0 -10 406 124 410 133 0.8008202910423279 0.23537494242191315 2.284640073776245 5.969490380661346 1.4270947744073101 43.1471095159599 1.5817750752306936
TrafficSigns 0.0 0 -10 408 166 410 168 0.18351325392723083 0.19678111374378204 0.7515859007835388 5.969490380661346 1.4270947744073101 43.1471095159599 1.5817750752306936
Poles 0.0 0 -10 403 125 433 158 2.5127460956573486 9.88101577758789 1.408475637435913 5.969490380661346 1.4270947744073101 43.1471095159599 1.5817750752306936
TrafficLight 0.0 0 -10 410 182 410 183 0.20139548182487488 0.06343229115009308 0.09999999403953552 5.969490380661346 1.4270947744073101 43.1471095159599 1.5817750752306936
Poles 0.0 0 -10 407 186 412 193 0.8319958448410034 0.5600000023841858 0.5600000023841858 5.969490380661346 1.4270947744073101 43.1471095159599 1.5817750752306936
Poles 0.0 0 -10 408 128 410 187 7.011814594268799 0.20577029883861542 0.20577025413513184 5.969490380661346 1.4270947744073101 43.1471095159599 1.5817750752306936
TrafficSigns 0.0 0 -10 183 136 187 145 0.7619999051094055 0.7618687152862549 0.009999999776482582 -15.945230093293503 -3.572832088780551 32.85201713589005 0.010973288955562493
TrafficSigns 0.0 1 -10 176 134 180 144 0.7619999051094055 0.7618687152862549 0.009999999776482582 -15.881778059280169 -3.5619187136952837 31.51024187233312 0.010973288955562493
Fences 0.0 0 -10 132 147 165 198 4.336433410644531 3.8226757049560547 0.826812744140625 -18.86979595305532 1.5612153381366491 34.80423850716791 0.010978881593851852
Fences 0.0 0 -10 177 154 200 194 4.336433410644531 3.8226757049560547 0.826812744140625 -18.956344083546092 1.5754178145886868 42.68852015608847 0.010978881593851852
Fences 0.0 0 -10 109 142 140 200 4.336433410644531 3.8226757049560547 0.0830981433391571 -18.82645566646956 1.554103233043583 30.856065112209745 0.010978881593851852
Fences 0.0 0 -10 67 136 122 203 4.336433410644531 3.822674512863159 1.0181902647018433 -18.783411250886683 1.5470396801367678 26.934844700582662 0.010978881593851852
Fences 0.0 0 -10 164 151 184 196 4.336433410644531 3.8238232135772705 0.083099365234375 -18.912840410510686 1.568278897914705 38.725462733256265 0.010978881593851852
Buildings 0.0 1 -10 28 152 108 202 3.477489471435547 3.568995475769043 3.0086944103240967 -21.37263575267391 1.528604628606227 26.75177492910193 1.5817740099662576
Vegetation 0.0 0 -10 512 173 523 192 2.128873348236084 1.6999599933624268 1.1223511695861816 17.97858042288138 1.3433731757620697 41.00661969481815 1.371905331317272
Vegetation 0.0 1 -10 499 173 514 192 2.128873348236084 1.6999601125717163 1.1223511695861816 16.893108298580355 1.3440727015932463 41.440634249126376 1.5464383896747593
Vegetation 0.0 0 -10 489 173 500 192 2.128873348236084 1.6999599933624268 1.1223511695861816 15.686410440128896 1.3444320962929692 41.692086463800585 1.371905331317272
Vegetation 0.0 0 -10 478 173 490 192 2.128873348236084 1.6999599933624268 1.1223511695861816 14.527602407506734 1.3448689591121945 41.985494415490734 1.371905331317272
Vegetation 0.0 0 -10 471 174 482 192 2.128873348236084 1.6999599933624268 1.1223511695861816 13.721711753546147 1.34520960334647 42.207450762593716 1.371905331317272
Vegetation 0.0 1 -10 447 174 464 192 2.128873348236084 1.699960470199585 1.1223512887954712 11.590724450479469 1.3475551153130638 43.599607938686205 0.4992402059774026
Vegetation 0.0 0 -10 513 173 531 192 2.128873348236084 1.699960470199585 1.1223511695861816 18.506549743459576 1.3433375093508468 40.96503778016843 1.6337049854325303
Vegetation 0.0 0 -10 566 173 584 192 2.128873348236084 1.6999601125717163 1.1223511695861816 24.542919645064803 1.3439095322161185 41.024532102074375 1.5464383896747593
Vegetation 0.0 0 -10 555 173 573 192 2.128873348236084 1.6999601125717163 1.1223511695861816 23.338756328334874 1.3438530107208573 41.0450949760989 1.5464383896747593
Vegetation 0.0 0 -10 544 173 563 192 2.128873348236084 1.699960470199585 1.1223511695861816 22.091845046157612 1.3436732370226838 40.998740306783205 1.6337049854325303
Vegetation 0.0 0 -10 534 173 551 192 2.128873348236084 1.6999601125717163 1.1223511695861816 20.891470273085726 1.343557422337859 40.985563641277906 1.5464383896747593
Vegetation 0.0 1 -10 526 173 540 192 2.128873348236084 1.6999601125717163 1.1223512887954712 19.760573911301464 1.3435357165182902 41.021648738587984 1.459171927075043
Vegetation 0.0 0 -10 458 174 472 192 2.128873348236084 1.6999601125717163 1.1223511695861816 12.443263903527571 1.3457461591865159 42.55958081776875 1.2846384692433919
Vegetation 0.0 1 -10 430 174 445 191 2.128873348236084 1.699960470199585 1.1223512887954712 10.022628815644023 1.3531769952401296 46.78578384229506 0.5865073010778779
Vegetation 0.0 1 -10 434 174 450 191 2.128873348236084 1.699960470199585 1.1223512887954712 10.46406038613561 1.3514310637503086 45.79822359692298 0.4992402059774026
Vegetation 0.0 1 -10 441 174 457 192 2.128873348236084 1.699960470199585 1.1223512887954712 11.058905847009004 1.3494149879523336 44.6542379981215 0.4992402059774026
Vegetation 0.0 0 -10 422 174 437 191 2.128873348236084 1.699960470199585 1.1223512887954712 9.29857133063301 1.355264654695001 47.974988472501664 0.5865073010778779
Vegetation 0.0 0 -10 597 173 615 192 2.128873348236084 1.6999601125717163 1.1223512887954712 28.129767320303664 1.3444664859209305 41.11351820967105 1.459171927075043
Vegetation 0.0 0 -10 585 173 605 192 2.128873348236084 1.699960470199585 1.1223511695861816 26.875743152461776 1.3442682787534874 41.0569072512515 1.6337049854325303
Vegetation 0.0 0 -10 574 173 594 192 2.128873348236084 1.699960470199585 1.1223511695861816 25.622910585034234 1.3441107168269835 41.0905324725759 1.6337049854325303
Vegetation 0.0 0 -10 438 150 501 194 4.8941874504089355 5.32741641998291 5.269250869750977 13.490990538106795 1.560393862209311 44.277050177002366 1.126614346483306
Sidewalks 0.0 1 -10 7 201 153 217 0.14961962401866913 9.667973518371582 1.083455204963684 -14.723647990800139 1.5224624566915306 20.952450922819246 0.010973288955562493
Car 0.25 2 -10 -8 177 63 199 1.7671663761138916 4.552699089050293 2.1852850914001465 -29.051059330056518 1.5867967825750013 31.662399798517534 0.010976751064979862
Dynamic 0.0 2 -10 471 164 527 194 3.541531801223755 5.029393672943115 5.085033893585205 17.302353666159444 1.5148795318544717 45.27217368965281 0.010976751064979862
Static 0.5 2 -10 -27 181 102 210 1.4338903427124023 8.335325241088867 0.5988244414329529 -19.149369928065738 1.525127319984804 25.955022257635164 0.010976751064979862
Static 0.0 0 -10 505 183 510 194 1.2140138149261475 0.5437172055244446 0.37456512451171875 15.650544921149232 1.5493783800335734 38.0729280133286 0.010976751064979862
Other 0.0 0 -10 516 218 517 219 0.04596628621220589 0.020006323233246803 0.020006326958537102 6.094251973258231 1.5391365211792338 13.984691582186553 0.010976751064979862
Other 0.0 0 -10 516 218 517 219 0.04596628621220589 0.020006323233246803 0.020006326958537102 6.094251973258231 1.5391365211792338 13.984691582186553 0.010976751064979862
Other 0.0 0 -10 516 218 517 219 0.04596628621220589 0.020006323233246803 0.020006326958537102 6.094251973258231 1.5391365211792338 13.984691582186553 0.010976751064979862
Other 0.0 0 -10 516 218 517 219 0.04596628621220589 0.020006323233246803 0.020006326958537102 6.094251973258231 1.5391365211792338 13.984691582186553 0.010976751064979862
Other 0.0 0 -10 516 218 517 219 0.04596628621220589 0.020006323233246803 0.020006326958537102 6.094251973258231 1.5391365211792338 13.984691582186553 0.010976751064979862
Other 0.0 0 -10 516 218 517 219 0.04596628621220589 0.020006323233246803 0.020006326958537102 6.094251973258231 1.5391365211792338 13.984691582186553 0.010976751064979862
Other 0.0 0 -10 516 218 517 219 0.04596628621220589 0.020006323233246803 0.020006326958537102 6.094251973258231 1.5391365211792338 13.984691582186553 0.010976751064979862
Other 0.0 0 -10 516 218 517 219 0.04596628621220589 0.020006323233246803 0.020006326958537102 6.094251973258231 1.5391365211792338 13.984691582186553 0.010976751064979862
Other 0.0 0 -10 516 218 517 219 0.04596628621220589 0.020006323233246803 0.020006326958537102 6.094251973258231 1.5391365211792338 13.984691582186553 0.010976751064979862
Other 0.0 0 -10 516 218 517 219 0.04596628621220589 0.020006323233246803 0.020006326958537102 6.094251973258231 1.5391365211792338 13.984691582186553 0.010976751064979862
Other 0.0 0 -10 516 218 517 219 0.04596628621220589 0.020006323233246803 0.020006326958537102 6.094251973258231 1.5391365211792338 13.984691582186553 0.010976751064979862
Other 0.0 0 -10 516 218 517 219 0.04596628621220589 0.020006323233246803 0.020006326958537102 6.094251973258231 1.5391365211792338 13.984691582186553 0.010976751064979862
Other 0.0 0 -10 516 218 517 219 0.04596628621220589 0.020006323233246803 0.020006326958537102 6.094251973258231 1.5391365211792338 13.984691582186553 0.010976751064979862
Other 0.0 0 -10 516 218 517 219 0.04596628621220589 0.020006323233246803 0.020006326958537102 6.094251973258231 1.5391365211792338 13.984691582186553 0.010976751064979862
Other 0.0 0 -10 516 218 517 219 0.04596628621220589 0.020006323233246803 0.020006326958537102 6.094251973258231 1.5391365211792338 13.984691582186553 0.010976751064979862
Other 0.0 0 -10 516 218 517 219 0.04596628621220589 0.020006323233246803 0.020006326958537102 6.094251973258231 1.5391365211792338 13.984691582186553 0.010976751064979862
Other 0.0 0 -10 516 218 517 219 0.04596628621220589 0.020006323233246803 0.020006326958537102 6.094251973258231 1.5391365211792338 13.984691582186553 0.010976751064979862
Other 0.0 0 -10 516 218 517 219 0.04596628621220589 0.020006323233246803 0.020006326958537102 6.094251973258231 1.5391365211792338 13.984691582186553 0.010976751064979862
Other 0.0 0 -10 516 218 517 219 0.04596628621220589 0.020006323233246803 0.020006326958537102 6.094251973258231 1.5391365211792338 13.984691582186553 0.010976751064979862
Other 0.0 0 -10 516 218 517 219 0.04596628621220589 0.020006323233246803 0.020006326958537102 6.094251973258231 1.5391365211792338 13.984691582186553 0.010976751064979862
Other 0.0 0 -10 516 218 517 219 0.04596628621220589 0.020006323233246803 0.020006326958537102 6.094251973258231 1.5391365211792338 13.984691582186553 0.010976751064979862
Other 0.0 0 -10 516 218 517 219 0.04596628621220589 0.020006323233246803 0.020006326958537102 6.094251973258231 1.5391365211792338 13.984691582186553 0.010976751064979862
Other 0.0 0 -10 516 218 517 219 0.04596628621220589 0.020006323233246803 0.020006326958537102 6.094251973258231 1.5391365211792338 13.984691582186553 0.010976751064979862
Other 0.0 0 -10 516 218 517 219 0.04596628621220589 0.020006323233246803 0.020006326958537102 6.094251973258231 1.5391365211792338 13.984691582186553 0.010976751064979862
Other 0.0 0 -10 516 218 517 219 0.04596628621220589 0.020006323233246803 0.020006326958537102 6.094251973258231 1.5391365211792338 13.984691582186553 0.010976751064979862
Other 0.0 0 -10 516 218 517 219 0.04596628621220589 0.020006323233246803 0.020006326958537102 6.094251973258231 1.5391365211792338 13.984691582186553 0.010976751064979862
Other 0.0 0 -10 516 218 517 219 0.04596628621220589 0.020006323233246803 0.020006326958537102 6.094251973258231 1.5391365211792338 13.984691582186553 0.010976751064979862
Other 0.0 0 -10 516 218 517 219 0.04596628621220589 0.020006323233246803 0.020006326958537102 6.094251973258231 1.5391365211792338 13.984691582186553 0.010976751064979862
Poles 0.0 0 -10 525 26 549 218 7.608907699584961 0.4071693420410156 1.1102782487869263 6.094251973258231 1.5391365211792338 13.984691582186553 0.010976751064979862
Dynamic 0.0 0 -10 200 214 205 215 0.007489834912121296 0.14006932079792023 0.2193235605955124 -7.496120671554656 1.6592551147726131 17.12741681111424 0.3896007933760397
Dynamic 0.0 0 -10 628 198 630 198 0.004885932896286249 0.14270669221878052 0.1168084591627121 25.057025774579756 1.6911990187764907 33.46687965074106 0.6953996969934741
Dynamic 0.0 0 -10 523 197 527 198 0.01812104508280754 0.18031546473503113 0.2552540600299835 15.558658884576673 1.6911443371368033 33.840773249474395 0.21179058213915525
Dynamic 0.0 0 -10 353 206 358 207 0.01780444197356701 0.17716506123542786 0.250794380903244 -0.2818565322211751 1.6693196532266603 22.404949638013626 1.9101472318532624
Dynamic 0.0 0 -10 680 197 685 197 0.02016201615333557 0.20062439143657684 0.28400328755378723 30.536134567575026 1.6926270376785328 34.02606958385395 1.6904891725113087
Dynamic 0.0 1 -10 509 207 522 208 0.01657685823738575 0.445218026638031 0.6276965737342834 9.194579515521987 1.667967626613186 21.251442219587318 1.8992985788367154
Dynamic 0.0 0 -10 339 192 343 192 0.016749223694205284 0.44984740018844604 0.6342233419418335 -2.473542538654309 1.716114653011502 48.46359703823606 2.356993904572559
Dynamic 0.0 0 -10 358 193 363 193 0.01704144850373268 0.4576959013938904 0.6452887058258057 0.10435930255262427 1.712569003314796 46.386493551467325 2.154406508080932
Dynamic 0.0 0 -10 266 201 275 201 0.0060577052645385265 0.4535585641860962 0.6153970956802368 -6.907989485178212 1.6784945379742482 27.777860740688066 3.122644264514474
Dynamic 0.0 0 -10 537 199 547 200 0.006430038716644049 0.4814363121986389 0.6532222032546997 15.20248857361982 1.6840648455742397 29.927698807634457 0.1869041074111779
Buildings 0.0 0 -10 576 189 613 195 0.5343983769416809 3.844456911087036 1.3572403192520142 25.651058462389166 1.5543915258628336 40.42894178959476 1.5844539489712044
Buildings 0.0 0 -10 542 189 575 195 0.5343983769416809 3.844456911087036 1.3572403192520142 21.7970873499635 1.5540010614824582 40.37630164114924 1.5844539489712044
Buildings 0.0 0 -10 492 188 520 195 0.5343983769416809 6.5109477043151855 1.357240080833435 17.95586408080381 1.5536478274422085 40.34327278207266 1.2779830965212293
Buildings 0.0 1 -10 408 187 463 193 0.5343983769416809 6.633524417877197 1.3572404384613037 11.706038021433216 1.5565641771877967 42.22746462668178 0.4924602971847656
Poles 0.0 0 -10 507 33 601 215 7.753437519073486 3.833437442779541 0.439208060503006 6.706449617034247 1.508164612234071 15.589783548887922 0.7963613323408687
Poles 0.0 0 -10 583 38 597 43 0.10929809510707855 0.4117761254310608 0.2957368493080139 6.706449617034247 1.508164612234071 15.589783548887922 0.7963613323408687
Poles 0.0 0 -10 583 38 597 43 0.10813476145267487 0.40739011764526367 0.29258644580841064 6.706449617034247 1.508164612234071 15.589783548887922 0.7963613323408687
TrafficSigns 0.5 1 -10 709 70 747 125 0.7619999051094055 0.5155503153800964 0.009999999776482582 5.136586292416597 1.488872240216353 4.95174057361233 1.5817604278446984
Poles 0.0 0 -10 229 131 232 133 0.10929809510707855 0.4117761254310608 0.2957368493080139 -16.20094715931879 1.5538993699037125 41.94107817657487 1.5817645557443878
Poles 0.0 0 -10 218 126 233 193 7.753437519073486 3.833437442779541 0.439208060503006 -16.20094715931879 1.5538993699037125 41.94107817657487 1.5817645557443878
TrafficSigns 0.0 0 -10 218 170 223 176 0.7619999051094055 0.5155503153800964 0.009999999776482582 -16.20094715931879 1.5538993699037125 41.94107817657487 1.5817645557443878
Poles 0.0 0 -10 229 131 232 133 0.10813476145267487 0.40739011764526367 0.29258644580841064 -16.20094715931879 1.5538993699037125 41.94107817657487 1.5817645557443878
Poles 0.5 1 -10 395 132 400 191 7.753437519073486 3.833437442779541 0.439208060503006 4.899109521369776 1.5634754547450376 47.43413939205078 1.4945064821021052
Buildings 0.0 1 -10 579 189 602 191 0.14622879028320312 3.43853497505188 0.31602415442466736 25.655842934586154 1.2068242041568462 40.447237768059004 1.5817750752306936
Buildings 0.0 1 -10 536 189 555 191 0.14622879028320312 3.43853497505188 0.31602415442466736 20.656144111742158 1.2063418226903435 40.392355442560536 1.5817750752306936
Poles 0.0 0 -10 649 117 656 119 0.10929809510707855 0.4117761254310608 0.2957368493080139 28.50208954792373 1.5508800229119843 38.35848353922853 0.010968181499134033
Poles 0.0 0 -10 623 115 658 195 7.753437519073486 3.833437442779541 0.439208060503006 28.50208954792373 1.5508800229119843 38.35848353922853 0.010968181499134033
Other 0.0 0 -10 616 131 639 162 3.052478551864624 0.21492932736873627 3.0425829887390137 28.50208954792373 1.5508800229119843 38.35848353922853 0.010968181499134033
Poles 0.0 0 -10 649 117 656 119 0.10813476145267487 0.40739011764526367 0.29258644580841064 28.50208954792373 1.5508800229119843 38.35848353922853 0.010968181499134033
Poles 0.0 1 -10 458 155 481 192 4.685649871826172 2.0568554401397705 2.300708055496216 14.190884620183706 1.5650022372970496 46.8042860723081 0.010976751064979862
Poles 0.0 0 -10 459 163 480 166 0.32664671540260315 1.9347323179244995 2.178541898727417 14.190884620183706 1.5650022372970496 46.8042860723081 0.010976751064979862
Poles 0.0 0 -10 459 163 480 166 0.3244769275188446 1.9323431253433228 2.1761527061462402 14.190884620183706 1.5650022372970496 46.8042860723081 0.010976751064979862
Poles 0.0 0 -10 62 135 114 201 4.685649871826172 2.0568554401397705 2.300708055496216 -20.018015366788767 1.5265452046843169 26.921317553933424 0.010976751064979862
Poles 0.0 0 -10 64 150 113 157 0.32664671540260315 1.9347323179244995 2.178541898727417 -20.018015366788767 1.5265452046843169 26.921317553933424 0.010976751064979862
Poles 0.0 0 -10 64 150 113 157 0.3244769275188446 1.9323431253433228 2.1761527061462402 -20.018015366788767 1.5265452046843169 26.921317553933424 0.010976751064979862