Static 0.5 2 -10 526 97 723 196 9.000044822692871 14.399999618530273 15.0 18.775090426671603 1.3537222920369985 37.67061601199545 2.7907643564710263
Motorcycle 0.0 0 -10 410 183 441 205 1.2511454820632935 2.2094459533691406 0.8670341968536377 4.01725433675832 1.4979363284738365 21.826302781537407 2.616230931928889
Motorcycle 0.0 0 -10 422 184 451 208 1.2356280088424683 1.8046668767929077 0.8556876182556152 4.308116625621388 1.4979895189678603 20.095095220654585 2.6162319639038114
Motorcycle 0.0 0 -10 435 183 469 210 1.2765705585479736 2.3557403087615967 0.763678789138794 4.883837069296931 1.5068710958590292 18.887783460149294 2.6162205123111244
Car 0.0 0 -10 255 183 311 199 1.300939917564392 4.717525005340576 1.894826889038086 -6.738347537690096 1.651856947108436 32.07479602258678 0.6963707853954578
Bicycle 0.0 0 -10 520 186 534 202 1.023902416229248 1.6428436040878296 0.3725162446498871 11.390098954833732 1.4726018496938096 24.922212912244404 2.7907643564710263
Car 0.0 0 -10 223 181 276 197 1.4519524574279785 4.673638820648193 2.0022923946380615 -10.973546217267526 1.6633989058435716 35.98619978960639 0.8709032445416999
Static 0.0 0 -10 319 182 323 192 1.2140138149261475 0.5437172055244446 0.374565064907074 -4.822301152289917 1.513984278089682 45.41455676608629 1.271149058979436
Static 0.0 0 -10 456 182 459 193 1.2140138149261475 0.5437172055244446 0.37456512451171875 10.799098560712686 1.4960119074233311 39.64048349712296 2.80555544393411
Poles 0.0 1 -10 653 86 681 202 7.608908653259277 0.8452807664871216 1.1107103824615479 -0.15854434320707256 1.51702638750745 -32.850988421438906 2.7907643564710263
Poles 0.0 1 -10 251 125 265 195 7.608907699584961 1.1106011867523193 1.1126819849014282 -26.620717841839294 1.7070122197049415 21.823552518497678 2.7907643564710263
Dynamic 0.0 0 -10 195 195 197 195 0.005253213457763195 0.15343409776687622 0.12558907270431519 -17.6515725933822 1.6787563857770733 38.82085778420327 1.243920367362248
Dynamic 0.0 0 -10 187 195 189 195 0.005328621249645948 0.15563657879829407 0.12739184498786926 -18.317184040160065 1.680603175204697 38.51190390262259 1.1240577451263432
Dynamic 0.0 0 -10 154 196 157 197 0.01898559369146824 0.18891826272010803 0.2674321234226227 -20.145015249236295 1.6857336122728488 35.61900484249121 0.06847323386681343
Dynamic 0.0 0 -10 204 219 212 220 0.02052634209394455 0.20424965023994446 0.2891351878643036 -6.161946278584036 1.6477285939150563 14.653626758893367 0.029140641542783285
Dynamic 0.0 0 -10 122 194 130 194 0.006424764171242714 0.48104140162467957 0.6526862978935242 -26.85005538521377 1.70408439817246 41.27165255755985 1.163192497870894
Poles 0.25 2 -10 366 15 441 124 12.832868576049805 4.000036239624023 9.61194896697998 10.3421477373075 -8.224581456003609 48.21704390542176 2.7907556123719424
Poles 0.0 0 -10 35 88 44 92 0.10929809510707855 0.4117761254310608 0.2957368493080139 -24.325212345146642 1.5482471770904187 22.479262483116017 2.4416863886892006
Other 0.5 1 -10 -66 96 4 149 3.052478551864624 0.21492932736873627 3.0425829887390137 -24.325212345146642 1.5482471770904187 22.479262483116017 2.4416863886892006
Poles 0.0 0 -10 35 88 44 92 0.10813476145267487 0.40739011764526367 0.29258644580841064 -24.325212345146642 1.5482471770904187 22.479262483116017 2.4416863886892006
Poles 0.0 0 -10 29 9 48 16 0.10929809510707855 0.4117761254310608 0.2957368493080139 -14.84053440561106 1.5223484176213329 12.420141815490211 2.267152731120468
Poles 0.0 0 -10 29 9 47 16 0.10813476145267487 0.40739011764526367 0.29258644580841064 -14.84053440561106 1.5223484176213329 12.420141815490211 2.267152731120468
Poles 0.0 0 -10 440 81 447 85 0.10929809510707855 0.4117761254310608 0.2957368493080139 2.0095509623515113 1.475518660493996 23.19640428550089 2.0926281282994417
Poles 0.0 0 -10 387 78 449 203 7.753437519073486 3.833437442779541 0.439208060503006 2.0095509623515113 1.475518660493996 23.19640428550089 2.0926281282994417
TrafficSigns 0.0 0 -10 391 155 392 168 0.7619999051094055 0.5155503153800964 0.009999999776482582 2.0095509623515113 1.475518660493996 23.19640428550089 2.0926281282994417
Other 0.0 0 -10 367 99 415 149 3.052478551864624 0.21492932736873627 3.0425829887390137 2.0095509623515113 1.475518660493996 23.19640428550089 2.0926281282994417
Poles 0.0 0 -10 440 81 447 84 0.10813476145267487 0.40739011764526367 0.29258644580841064 2.0095509623515113 1.475518660493996 23.19640428550089 2.0926281282994417
Poles 0.0 0 -10 315 119 320 121 0.10929809510707855 0.4117761254310608 0.2957368493080139 -7.099116168531673 1.500335588451258 34.682006648615584 2.4416929134338714
Poles 0.0 0 -10 283 114 321 195 7.753437519073486 3.833437442779541 0.439208060503006 -7.099116168531673 1.500335588451258 34.682006648615584 2.4416929134338714
TrafficSigns 0.0 0 -10 285 164 287 172 0.7619999051094055 0.5155503153800964 0.009999999776482582 -7.099116168531673 1.500335588451258 34.682006648615584 2.4416929134338714
Other 0.0 0 -10 270 126 301 159 3.052478551864624 0.21492932736873627 3.0425829887390137 -7.099116168531673 1.500335588451258 34.682006648615584 2.4416929134338714
Poles 0.0 0 -10 315 119 320 121 0.10813476145267487 0.40739011764526367 0.29258644580841064 -7.099116168531673 1.500335588451258 34.682006648615584 2.4416929134338714
Poles 0.0 0 -10 221 133 225 134 0.10929809510707855 0.4117761254310608 0.2957368493080139 -19.90410696943171 1.5354118742370826 44.41087038226412 2.6162253060010863
Poles 0.0 0 -10 195 129 226 192 7.753437519073486 3.833437442779541 0.439208060503006 -19.90410696943171 1.5354118742370826 44.41087038226412 2.6162253060010863
TrafficSigns 0.0 0 -10 198 168 200 174 0.7619999051094055 0.5155503153800964 0.009999999776482582 -19.90410696943171 1.5354118742370826 44.41087038226412 2.6162253060010863
Other 0.0 0 -10 185 138 210 164 3.052478551864624 0.21492932736873627 3.0425829887390137 -19.90410696943171 1.5354118742370826 44.41087038226412 2.6162253060010863
Poles 0.0 0 -10 221 133 225 134 0.10813476145267487 0.40739011764526367 0.29258644580841064 -19.90410696943171 1.5354118742370826 44.41087038226412 2.6162253060010863
Poles 0.0 0 -10 510 23 550 42 0.13979004323482513 2.2727365493774414 2.2727365493774414 11.667414350659755 1.4615563639182274 24.72894183805535 2.7907643564710263
Poles 0.0 0 -10 509 8 551 202 12.53104019165039 2.367814302444458 2.367814779281616 11.667414350659755 1.4615563639182274 24.72894183805535 2.7907643564710263
Poles 0.0 0 -10 510 23 550 42 0.13979004323482513 2.2755773067474365 2.2755773067474365 11.667414350659755 1.4615563639182274 24.72894183805535 2.7907643564710263
Poles 0.0 1 -10 500 151 522 193 4.685649871826172 2.0568554401397705 2.300708055496216 17.283187039176042 1.5254997139415913 41.10190696306766 2.7907643564710263
Poles 0.0 0 -10 500 161 522 165 0.32664671540260315 1.9347323179244995 2.178541898727417 17.283187039176042 1.5254997139415913 41.10190696306766 2.7907643564710263
Poles 0.0 0 -10 500 161 522 165 0.3244769275188446 1.9323431253433228 2.1761527061462402 17.283187039176042 1.5254997139415913 41.10190696306766 2.7907643564710263
Poles 0.0 0 -10 501 146 527 195 4.685649871826172 2.0568554401397705 2.300708055496216 15.28874429937624 1.4823941411643107 35.6978898187938 2.7907643564710263
Poles 0.0 0 -10 501 157 526 162 0.32664671540260315 1.9347323179244995 2.178541898727417 15.28874429937624 1.4823941411643107 35.6978898187938 2.7907643564710263
Poles 0.0 0 -10 502 157 526 162 0.3244769275188446 1.9323431253433228 2.1761527061462402 15.28874429937624 1.4823941411643107 35.6978898187938 2.7907643564710263
Poles 0.0 0 -10 327 149 354 194 4.685649871826172 2.0568554401397705 2.300708055496216 -2.0982984729213996 1.4900089393554286 38.86849623537394 2.7907643564710263
Poles 0.0 0 -10 328 159 354 163 0.32664671540260315 1.9347323179244995 2.178541898727417 -2.0982984729213996 1.4900089393554286 38.86849623537394 2.7907643564710263
Poles 0.0 0 -10 328 159 354 163 0.3244769275188446 1.9323431253433228 2.1761527061462402 -2.0982984729213996 1.4900089393554286 38.86849623537394 2.7907643564710263
Poles 0.0 0 -10 412 145 439 195 4.685649871826172 2.0568554401397705 2.300708055496216 6.375993124518324 1.4807108397166249 34.997240457252644 2.7907643564710263
Poles 0.0 0 -10 412 157 438 162 0.32664671540260315 1.9347323179244995 2.178541898727417 6.375993124518324 1.4807108397166249 34.997240457252644 2.7907643564710263
Poles 0.0 0 -10 412 157 438 162 0.3244769275188446 1.9323431253433228 2.1761527061462402 6.375993124518324 1.4807108397166249 34.997240457252644 2.7907643564710263
Poles 0.0 1 -10 282 155 306 191 4.685649871826172 2.0568554401397705 2.300708055496216 -8.676442588534165 1.521565371653775 47.10002277567611 2.7907643564710263
Poles 0.0 0 -10 283 163 305 166 0.32664671540260315 1.9347323179244995 2.178541898727417 -8.676442588534165 1.521565371653775 47.10002277567611 2.7907643564710263
Poles 0.0 0 -10 283 163 305 166 0.3244769275188446 1.9323431253433228 2.1761527061462402 -8.676442588534165 1.521565371653775 47.10002277567611 2.7907643564710263
Poles 0.0 0 -10 606 146 642 196 4.685649871826172 2.0568554401397705 2.300708055496216 25.680707752305068 1.5326695605388683 34.92100091588037 2.7907643564710263
Poles 0.0 0 -10 607 157 641 162 0.32664671540260315 1.9347323179244995 2.178541898727417 25.680707752305068 1.5326695605388683 34.92100091588037 2.7907643564710263
Poles 0.0 0 -10 607 157 641 162 0.3244769275188446 1.9323431253433228 2.1761527061462402 25.680707752305068 1.5326695605388683 34.92100091588037 2.7907643564710263
Poles 0.0 0 -10 592 118 621 162 4.685649871826172 2.0568554401397705 2.300708055496216 27.719190646825076 -2.023497183020378 40.37020276138911 2.7907643564710263
Poles 0.0 0 -10 592 128 620 134 0.32664671540260315 1.9347323179244995 2.178541898727417 27.719190646825076 -2.023497183020378 40.37020276138911 2.7907643564710263
Poles 0.0 0 -10 592 128 620 134 0.3244769275188446 1.9323431253433228 2.1761527061462402 27.719190646825076 -2.023497183020378 40.37020276138911 2.7907643564710263
Pedestrian 0.0 0 -10 353 175 360 198 1.8600000143051147 0.3753577768802643 0.3753577768802643 -0.26440909018756287 1.4754019893126622 29.15444155607028 0.7389155161787733
Car 0.5 2 -10 -179 180 100 286 1.6506516933441162 5.0267767906188965 2.1515462398529053 -8.210275147532936 1.5148346969022657 8.348839769799497 0.3219005753051354