NONE 0.0 0 -10 353 200 676 202 1.6081226229577292e-16 2.75 23.5 11.305453929765306 1.6339280254825483 27.628397529884825 1.576009597786781
TrafficLight 0.0 0 -10 232 149 236 158 1.1868969202041626 0.367499977350235 0.40101560950279236 -16.176802293666647 1.3797282425586344 38.86558317596478 0.013800767084899412
TrafficLight 0.0 0 -10 222 146 226 156 1.1868969202041626 0.367499977350235 0.40101560950279236 -16.176802293666647 1.3797282425586344 38.86558317596478 0.013800767084899412
TrafficLight 0.0 0 -10 201 158 211 170 1.2981234788894653 0.7821386456489563 0.7703027129173279 -16.176802293666647 1.3797282425586344 38.86558317596478 0.013800767084899412
TrafficLight 0.0 0 -10 204 150 211 164 1.4080413579940796 0.9675487875938416 0.40101560950279236 -16.176802293666647 1.3797282425586344 38.86558317596478 0.013800767084899412
Poles 0.0 0 -10 209 117 219 127 0.8008202910423279 0.23537494242191315 2.284640073776245 -16.176802293666647 1.3797282425586344 38.86558317596478 0.013800767084899412
Poles 0.0 0 -10 203 132 244 160 2.5127460956573486 9.88101577758789 1.408475637435913 -16.176802293666647 1.3797282425586344 38.86558317596478 0.013800767084899412
TrafficSigns 0.0 0 -10 217 148 228 152 0.44764381647109985 0.06509923934936523 1.2684557437896729 -16.176802293666647 1.3797282425586344 38.86558317596478 0.013800767084899412
TrafficSigns 0.0 0 -10 208 160 216 162 0.18351325392723083 0.19678111374378204 0.7515859007835388 -16.176802293666647 1.3797282425586344 38.86558317596478 0.013800767084899412
Poles 0.0 0 -10 199 113 211 124 0.8008202910423279 0.23537494242191315 2.284640073776245 -16.176802293666647 1.3797282425586344 38.86558317596478 0.013800767084899412
TrafficSigns 0.0 0 -10 207 173 212 180 0.7619999051094055 0.5158092975616455 0.009999999776482582 -16.176802293666647 1.3797282425586344 38.86558317596478 0.013800767084899412
TrafficLight 0.0 0 -10 208 181 209 183 0.20139548182487488 0.06343229115009308 0.09999999403953552 -16.176802293666647 1.3797282425586344 38.86558317596478 0.013800767084899412
Poles 0.0 0 -10 206 186 213 194 0.8319958448410034 0.5600000023841858 0.5600000023841858 -16.176802293666647 1.3797282425586344 38.86558317596478 0.013800767084899412
Poles 0.0 0 -10 208 122 211 187 7.011814594268799 0.20577029883861542 0.20577025413513184 -16.176802293666647 1.3797282425586344 38.86558317596478 0.013800767084899412
TrafficLight 0.0 0 -10 426 134 431 148 1.1868969202041626 0.40101560950279236 0.367499977350235 5.843461063433305 1.3508264644477457 42.55375114455076 1.5845982923022868
TrafficLight 0.0 0 -10 419 139 423 151 1.1868969202041626 0.40101560950279236 0.367499977350235 5.843461063433305 1.3508264644477457 42.55375114455076 1.5845982923022868
TrafficLight 0.0 0 -10 405 153 413 165 1.4080413579940796 0.40101560950279236 0.9675390124320984 5.843461063433305 1.3508264644477457 42.55375114455076 1.5845982923022868
Poles 0.0 0 -10 408 119 413 129 0.8008202910423279 0.23537494242191315 2.284640073776245 5.843461063433305 1.3508264644477457 42.55375114455076 1.5845982923022868
TrafficSigns 0.0 0 -10 408 142 410 146 0.4409773647785187 0.6009998321533203 0.16373874247074127 5.843461063433305 1.3508264644477457 42.55375114455076 1.5845982923022868
TrafficSigns 0.0 0 -10 408 145 420 149 0.44764381647109985 0.06509923934936523 1.2684557437896729 5.843461063433305 1.3508264644477457 42.55375114455076 1.5845982923022868
Poles 0.0 0 -10 405 122 410 132 0.8008202910423279 0.23537494242191315 2.284640073776245 5.843461063433305 1.3508264644477457 42.55375114455076 1.5845982923022868
TrafficSigns 0.0 0 -10 407 166 410 167 0.18351325392723083 0.19678111374378204 0.7515859007835388 5.843461063433305 1.3508264644477457 42.55375114455076 1.5845982923022868
Poles 0.0 0 -10 403 123 433 157 2.5127460956573486 9.88101577758789 1.408475637435913 5.843461063433305 1.3508264644477457 42.55375114455076 1.5845982923022868
TrafficLight 0.0 0 -10 409 181 410 183 0.20139548182487488 0.06343229115009308 0.09999999403953552 5.843461063433305 1.3508264644477457 42.55375114455076 1.5845982923022868
Poles 0.0 0 -10 406 185 412 193 0.8319958448410034 0.5600000023841858 0.5600000023841858 5.843461063433305 1.3508264644477457 42.55375114455076 1.5845982923022868
Poles 0.0 0 -10 408 127 410 186 7.011814594268799 0.20577029883861542 0.20577025413513184 5.843461063433305 1.3508264644477457 42.55375114455076 1.5845982923022868
TrafficSigns 0.0 0 -10 178 134 182 144 0.7619999051094055 0.7618687152862549 0.009999999776482582 -16.042463850911147 -3.6288463812413916 32.18782905621647 0.013796506027155493
TrafficSigns 0.0 0 -10 171 132 175 142 0.7619999051094055 0.7618687152862549 0.009999999776482582 -15.975222992309543 -3.615518297449431 30.846260107091155 0.013796506027155493
Fences 0.0 0 -10 126 146 160 197 4.336433410644531 3.8226757049560547 0.826812744140625 -18.972162204201908 1.5018967154125527 34.14104204391083 0.013802098665444795
Fences 0.0 0 -10 173 153 197 194 4.336433410644531 3.8226757049560547 0.826812744140625 -19.080969024116552 1.5018882575113461 42.02506092973111 0.013802098665444795
Fences 0.0 0 -10 101 141 134 200 4.336433410644531 3.8226757049560547 0.0830981433391571 -18.917675541915333 1.501900950834625 30.193000231553057 0.013802098665444795
Fences 0.0 0 -10 57 134 115 204 4.336433410644531 3.822674512863159 1.0181902647018433 -18.863560843560798 1.5019051573427544 26.271910504251835 0.013802098665444795
Fences 0.0 0 -10 160 150 180 195 4.336433410644531 3.8238232135772705 0.083099365234375 -19.026276955197815 1.5018925089003314 38.06213558554619 0.013802098665444795
Fences 0.0 1 -10 196 155 210 192 4.336433410644531 3.8238232135772705 0.083099365234375 -19.135083722471084 1.5018840510032168 45.94615065703233 0.013802098665444795
Buildings 0.0 1 -10 18 150 100 202 3.477489471435547 3.568995475769043 3.0086944103240967 -21.452259512787144 1.483998877170966 26.081498578155518 1.5845972270378508
Vegetation 0.0 0 -10 513 173 524 192 2.128873348236084 1.6999599933624268 1.1223511695861816 17.858540755290324 1.2700436971498983 40.4470264941791 1.374728548388865
Vegetation 0.0 1 -10 499 173 515 192 2.128873348236084 1.6999601125717163 1.1223511695861816 16.77184761926594 1.270043838154245 40.87797536819902 1.5492616067463523
Vegetation 0.0 0 -10 490 173 501 192 2.128873348236084 1.6999599933624268 1.1223511695861816 15.564444642745928 1.2700423582644431 41.126020062818576 1.374728548388865
Vegetation 0.0 0 -10 479 173 490 192 2.128873348236084 1.6999599933624268 1.1223511695861816 14.40481285186207 1.2700390149527971 41.41615560297664 1.374728548388865
Vegetation 0.0 0 -10 471 173 483 192 2.128873348236084 1.6999599933624268 1.1223511695861816 13.598298763624825 1.2700412284812392 41.635836124649444 1.374728548388865
Vegetation 0.0 1 -10 447 173 465 191 2.128873348236084 1.699960470199585 1.1223512887954712 11.463389551629922 1.2700397556899308 43.021973526790234 0.502063423048996
Vegetation 0.0 0 -10 514 173 532 192 2.128873348236084 1.699960470199585 1.1223511695861816 18.38662537648413 1.2700425147126735 40.40693531675772 1.6365282025041232
Vegetation 0.0 0 -10 567 173 586 192 2.128873348236084 1.6999601125717163 1.1223511695861816 24.422803371366655 1.270044209902347 40.48347228994172 1.5492616067463523
Vegetation 0.0 0 -10 557 173 575 192 2.128873348236084 1.6999601125717163 1.1223511695861816 23.218586777072325 1.2700429777002002 40.50063533886742 1.5492616067463523
Vegetation 0.0 0 -10 545 173 565 192 2.128873348236084 1.699960470199585 1.1223511695861816 21.971811309623938 1.270042443557386 40.450760309331805 1.6365282025041232
Vegetation 0.0 1 -10 536 173 553 192 2.128873348236084 1.6999601125717163 1.1223511695861816 20.77147849806793 1.2700424694113428 40.4341945960889 1.5492616067463523
Vegetation 0.0 1 -10 527 173 542 192 2.128873348236084 1.6999601125717163 1.1223512887954712 19.640484745620377 1.2700424417360274 40.46708669254491 1.4619951441466357
Vegetation 0.0 0 -10 458 173 472 192 2.128873348236084 1.6999601125717163 1.1223511695861816 12.318861844877507 1.2700408631735982 41.98435585155951 1.2874616863149848
Vegetation 0.0 0 -10 421 174 431 190 2.128873348236084 1.699960470199585 1.230636477470398 8.958430374009742 1.270033734290061 48.650043853997744 3.032790572124665
Vegetation 0.0 1 -10 429 174 445 190 2.128873348236084 1.699960470199585 1.1223512887954712 9.88630487235393 1.2700363526695846 46.203714708329656 0.5893305181494712
Vegetation 0.0 1 -10 434 173 450 191 2.128873348236084 1.699960470199585 1.1223512887954712 10.330522788245501 1.2700374078764813 45.217403084577796 0.502063423048996
Vegetation 0.0 1 -10 441 173 458 191 2.128873348236084 1.699960470199585 1.1223512887954712 10.9285956086592 1.2700386294086747 44.07509961375902 0.502063423048996
Vegetation 0.0 0 -10 422 174 437 190 2.128873348236084 1.699960470199585 1.1223512887954712 9.15889287717682 1.2700350838848884 47.39087229417096 0.5893305181494712
Vegetation 0.0 1 -10 608 173 628 192 2.128873348236084 1.6999601125717163 1.1223511695861816 29.140379354528932 1.2701655813613866 40.54969323994044 1.5492616067463523
Vegetation 0.0 1 -10 599 173 617 192 2.128873348236084 1.6999601125717163 1.1223512887954712 28.009385602081377 1.2701655536860714 40.58258533639645 1.4619951441466357
Vegetation 0.0 0 -10 587 173 607 192 2.128873348236084 1.699960470199585 1.1223511695861816 26.755526232945133 1.2701656266627173 40.522433960609256 1.6365282025041232
Vegetation 0.0 0 -10 576 173 596 192 2.128873348236084 1.699960470199585 1.1223511695861816 25.50260369449862 1.2700435325045012 40.55252169804469 1.6365282025041232
Vegetation 0.5 2 -10 420 153 465 192 4.8941874504089355 5.3274149894714355 5.26924991607666 11.311638266762499 1.481505695424475 48.45361690776849 2.961468421681739
Vegetation 0.0 0 -10 438 149 502 193 4.8941874504089355 5.32741641998291 5.269250869750977 13.36175068145721 1.4815107761630077 43.70516068759378 1.129437563554899
Vegetation 0.0 0 -10 702 196 703 196 0.0007935455068945885 0.08487723022699356 0.03303131088614464 34.29429739252346 1.6314480937625941 35.97690560365187 2.2445632994117117
Vegetation 0.0 0 -10 699 196 700 196 0.0010568419238552451 0.11303926259279251 0.04399101063609123 34.28463884321321 1.6295604841801596 36.3494541336995 2.5380425862740075
Vegetation 0.0 0 -10 702 196 703 196 0.004732438363134861 0.11645852774381638 0.044408638030290604 34.30831150406762 1.6306696198213064 35.99919584188383 2.347535155328925
Sidewalks 0.25 1 -10 -8 201 147 218 0.14961962401866913 9.667973518371582 1.083455204963684 -14.786925103860305 1.4878044726116801 20.3009673855198 0.013796506027155493
Dynamic 0.0 2 -10 471 163 528 194 3.541531801223755 5.029393672943115 5.085033893585205 17.170285834907446 1.433909670324382 44.71095684411261 0.013799968136572804
Static 0.5 2 -10 -43 180 94 210 1.4338903427124023 8.335325241088867 0.5988244414329529 -19.22675325937781 1.4817877968124875 25.291020835980728 0.013799968136572804
Static 0.0 0 -10 506 182 512 194 1.2140138149261475 0.5437172055244446 0.37456512451171875 15.538812078251295 1.4815174112497533 37.507150187226095 0.013799968136572804
Other 0.0 0 -10 522 219 523 220 0.04596628621220589 0.020006323233246803 0.020006326958537102 6.050565763097048 1.5154464027120114 13.392050375876448 0.013799968136572804
Other 0.0 0 -10 522 219 523 220 0.04596628621220589 0.020006323233246803 0.020006326958537102 6.050565763097048 1.5154464027120114 13.392050375876448 0.013799968136572804
Other 0.0 0 -10 522 219 523 220 0.04596628621220589 0.020006323233246803 0.020006326958537102 6.050565763097048 1.5154464027120114 13.392050375876448 0.013799968136572804
Other 0.0 0 -10 522 219 523 220 0.04596628621220589 0.020006323233246803 0.020006326958537102 6.050565763097048 1.5154464027120114 13.392050375876448 0.013799968136572804
Other 0.0 0 -10 522 219 523 220 0.04596628621220589 0.020006323233246803 0.020006326958537102 6.050565763097048 1.5154464027120114 13.392050375876448 0.013799968136572804
Other 0.0 0 -10 522 219 523 220 0.04596628621220589 0.020006323233246803 0.020006326958537102 6.050565763097048 1.5154464027120114 13.392050375876448 0.013799968136572804
Other 0.0 0 -10 522 219 523 220 0.04596628621220589 0.020006323233246803 0.020006326958537102 6.050565763097048 1.5154464027120114 13.392050375876448 0.013799968136572804
Other 0.0 0 -10 522 219 523 220 0.04596628621220589 0.020006323233246803 0.020006326958537102 6.050565763097048 1.5154464027120114 13.392050375876448 0.013799968136572804
Other 0.0 0 -10 522 219 523 220 0.04596628621220589 0.020006323233246803 0.020006326958537102 6.050565763097048 1.5154464027120114 13.392050375876448 0.013799968136572804
Other 0.0 0 -10 522 219 523 220 0.04596628621220589 0.020006323233246803 0.020006326958537102 6.050565763097048 1.5154464027120114 13.392050375876448 0.013799968136572804
Other 0.0 0 -10 522 219 523 220 0.04596628621220589 0.020006323233246803 0.020006326958537102 6.050565763097048 1.5154464027120114 13.392050375876448 0.013799968136572804
Other 0.0 0 -10 522 219 523 220 0.04596628621220589 0.020006323233246803 0.020006326958537102 6.050565763097048 1.5154464027120114 13.392050375876448 0.013799968136572804
Other 0.0 0 -10 522 219 523 220 0.04596628621220589 0.020006323233246803 0.020006326958537102 6.050565763097048 1.5154464027120114 13.392050375876448 0.013799968136572804
Other 0.0 0 -10 522 219 523 220 0.04596628621220589 0.020006323233246803 0.020006326958537102 6.050565763097048 1.5154464027120114 13.392050375876448 0.013799968136572804
Other 0.0 0 -10 522 219 523 220 0.04596628621220589 0.020006323233246803 0.020006326958537102 6.050565763097048 1.5154464027120114 13.392050375876448 0.013799968136572804
Other 0.0 0 -10 522 219 523 220 0.04596628621220589 0.020006323233246803 0.020006326958537102 6.050565763097048 1.5154464027120114 13.392050375876448 0.013799968136572804
Other 0.0 0 -10 522 219 523 220 0.04596628621220589 0.020006323233246803 0.020006326958537102 6.050565763097048 1.5154464027120114 13.392050375876448 0.013799968136572804
Other 0.0 0 -10 522 219 523 220 0.04596628621220589 0.020006323233246803 0.020006326958537102 6.050565763097048 1.5154464027120114 13.392050375876448 0.013799968136572804
Other 0.0 0 -10 522 219 523 220 0.04596628621220589 0.020006323233246803 0.020006326958537102 6.050565763097048 1.5154464027120114 13.392050375876448 0.013799968136572804
Other 0.0 0 -10 522 219 523 220 0.04596628621220589 0.020006323233246803 0.020006326958537102 6.050565763097048 1.5154464027120114 13.392050375876448 0.013799968136572804
Other 0.0 0 -10 522 219 523 220 0.04596628621220589 0.020006323233246803 0.020006326958537102 6.050565763097048 1.5154464027120114 13.392050375876448 0.013799968136572804
Other 0.0 0 -10 522 219 523 220 0.04596628621220589 0.020006323233246803 0.020006326958537102 6.050565763097048 1.5154464027120114 13.392050375876448 0.013799968136572804
Other 0.0 0 -10 522 219 523 220 0.04596628621220589 0.020006323233246803 0.020006326958537102 6.050565763097048 1.5154464027120114 13.392050375876448 0.013799968136572804
Other 0.0 0 -10 522 219 523 220 0.04596628621220589 0.020006323233246803 0.020006326958537102 6.050565763097048 1.5154464027120114 13.392050375876448 0.013799968136572804
Other 0.0 0 -10 522 219 523 220 0.04596628621220589 0.020006323233246803 0.020006326958537102 6.050565763097048 1.5154464027120114 13.392050375876448 0.013799968136572804
Other 0.0 0 -10 522 219 523 220 0.04596628621220589 0.020006323233246803 0.020006326958537102 6.050565763097048 1.5154464027120114 13.392050375876448 0.013799968136572804
Other 0.0 0 -10 522 219 523 220 0.04596628621220589 0.020006323233246803 0.020006326958537102 6.050565763097048 1.5154464027120114 13.392050375876448 0.013799968136572804
Other 0.0 0 -10 522 219 523 220 0.04596628621220589 0.020006323233246803 0.020006326958537102 6.050565763097048 1.5154464027120114 13.392050375876448 0.013799968136572804
Poles 0.0 0 -10 530 19 556 219 7.608907699584961 0.4071693420410156 1.1102782487869263 6.050565763097048 1.5154464027120114 13.392050375876448 0.013799968136572804
Dynamic 0.0 0 -10 192 215 198 215 0.007489834912121296 0.14006932079792023 0.2193235605955124 -7.548617301042432 1.6309400955009616 16.496606182096823 0.39242401044763264
Dynamic 0.0 0 -10 631 197 634 197 0.004885932896286249 0.14270669221878052 0.1168084591627121 24.958270194178507 1.630922247751599 32.927939810504796 0.6982229140650671
Dynamic 0.0 0 -10 525 197 528 197 0.01812104508280754 0.18031546473503113 0.2552540600299835 15.458885394181785 1.630921939331741 33.275015319100035 0.2146137992107482
Dynamic 0.0 0 -10 351 206 356 207 0.01780444197356701 0.17716506123542786 0.250794380903244 -0.3492813918494423 1.6309343630160718 21.79449508253153 1.9129704489248553
Dynamic 0.0 0 -10 684 197 689 197 0.02016201615333557 0.20062439143657684 0.28400328755378723 30.4357785417266 1.6309215943347777 33.50259788164931 1.6933123895829016
Dynamic 0.0 1 -10 512 207 525 208 0.01657685823738575 0.445218026638031 0.6276965737342834 9.130373671335553 1.6309355080680301 20.667745655954782 1.9021217959083083
Dynamic 0.0 0 -10 338 192 342 192 0.016749223694205284 0.44984740018844604 0.6342233419418335 -2.614527904441493 1.6309064270776963 47.84689374631935 2.359817121644152
Dynamic 0.0 0 -10 357 192 362 192 0.01704144850373268 0.4576959013938904 0.6452887058258057 -0.030772175254680123 1.6309086303593954 45.777073428949194 2.1572297251525248
Dynamic 0.0 0 -10 262 201 272 201 0.0060577052645385265 0.4535585641860962 0.6153970956802368 -6.9905569545286115 1.6309286633036666 27.148685746485754 3.125467481586067
Dynamic 0.0 1 -10 539 199 550 200 0.006430038716644049 0.4814363121986389 0.6532222032546997 15.113763951531197 1.6309261409972222 29.360944419541184 0.18972732448277174
Buildings 0.0 0 -10 612 188 653 194 0.5343983769416809 3.844456911087036 1.3572403192520142 29.386449312344126 1.4815147812697036 39.95491084326777 1.5872771660427973
Buildings 0.0 0 -10 578 188 615 194 0.5343983769416809 3.844456911087036 1.3572403192520142 25.532634418794938 1.4815148753611418 39.89139341619425 1.5872771660427973
Buildings 0.0 1 -10 543 188 577 194 0.5343983769416809 3.844456911087036 1.3572403192520142 21.678827206555408 1.481514969456508 39.82787228006933 1.5872771660427973
Buildings 0.0 1 -10 493 188 521 195 0.5343983769416809 6.5109477043151855 1.357240080833435 17.83771242017395 1.481515951358063 39.78399838079365 1.2808063135928225
Buildings 0.0 1 -10 408 187 463 192 0.5343983769416809 6.633524417877197 1.3572404384613037 11.582591667744895 1.481513990886669 41.650540377973584 0.4952835142563585
Poles 0.0 0 -10 512 27 609 216 7.753437519073486 3.833437442779541 0.439208060503006 6.6582270282664435 1.4815331560070801 14.998805884499738 0.7991845494124616
Poles 0.0 0 -10 591 32 606 37 0.10929809510707855 0.4117761254310608 0.2957368493080139 6.6582270282664435 1.4815331560070801 14.998805884499738 0.7991845494124616
Poles 0.0 0 -10 591 32 605 37 0.10813476145267487 0.40739011764526367 0.29258644580841064 6.6582270282664435 1.4815331560070801 14.998805884499738 0.7991845494124616
Poles 0.0 0 -10 226 130 229 131 0.10929809510707855 0.4117761254310608 0.2957368493080139 -16.323474297725983 1.4815063302060172 41.2853633860568 1.584587772815981
Poles 0.0 0 -10 215 125 230 192 7.753437519073486 3.833437442779541 0.439208060503006 -16.323474297725983 1.4815063302060172 41.2853633860568 1.584587772815981
TrafficSigns 0.0 0 -10 215 169 220 175 0.7619999051094055 0.5155503153800964 0.009999999776482582 -16.323474297725983 1.4815063302060172 41.2853633860568 1.584587772815981
Poles 0.0 0 -10 226 130 229 131 0.10813476145267487 0.40739011764526367 0.29258644580841064 -16.323474297725983 1.4815063302060172 41.2853633860568 1.584587772815981
Poles 0.5 1 -10 394 131 399 191 7.753437519073486 3.833437442779541 0.439208060503006 4.760990456510234 1.4795583265237218 46.837981126501035 1.4973296991736982
Poles 0.5 1 -10 396 135 399 137 0.10929809510707855 0.4117761254310608 0.2957368493080139 4.760990456510234 1.4795583265237218 46.837981126501035 1.4973296991736982
Poles 0.5 1 -10 396 135 399 137 0.10813476145267487 0.40739011764526367 0.29258644580841064 4.760990456510234 1.4795583265237218 46.837981126501035 1.4973296991736982
Buildings 0.0 1 -10 581 188 604 190 0.14622879028320312 3.43853497505188 0.31602415442466736 25.53734232431858 1.133914753933509 39.90907596683399 1.5845982923022868
Buildings 0.0 1 -10 538 188 557 190 0.14622879028320312 3.43853497505188 0.31602415442466736 20.5378182760085 1.1339148616182089 39.840077868191685 1.5845982923022868
Poles 0.0 0 -10 653 115 659 117 0.10929809510707855 0.4117761254310608 0.2957368493080139 28.389499548168953 1.4815182907425397 37.82898946145537 0.013791398570726976
Poles 0.0 0 -10 626 113 661 195 7.753437519073486 3.833437442779541 0.439208060503006 28.389499548168953 1.4815182907425397 37.82898946145537 0.013791398570726976
Other 0.0 0 -10 618 129 642 161 3.052478551864624 0.21492932736873627 3.0425829887390137 28.389499548168953 1.4815182907425397 37.82898946145537 0.013791398570726976
Poles 0.0 0 -10 653 115 659 117 0.10813476145267487 0.40739011764526367 0.29258644580841064 28.389499548168953 1.4815182907425397 37.82898946145537 0.013791398570726976
Poles 0.0 1 -10 458 154 481 191 4.685649871826172 2.0568554401397705 2.300708055496216 14.054507053967175 1.4815081473627925 46.234366728912306 0.013799968136572804
Poles 0.0 0 -10 459 162 481 166 0.32664671540260315 1.9347323179244995 2.178541898727417 14.054507053967175 1.4815081473627925 46.234366728912306 0.013799968136572804
Poles 0.0 0 -10 459 162 481 166 0.3244769275188446 1.9323431253433228 2.1761527061462402 14.054507053967175 1.4815081473627925 46.234366728912306 0.013799968136572804
Poles 0.0 0 -10 53 133 107 201 4.685649871826172 2.0568554401397705 2.300708055496216 -20.098123331931852 1.4815298129669774 26.254860922476954 0.013799968136572804
Poles 0.0 0 -10 55 149 106 155 0.32664671540260315 1.9347323179244995 2.178541898727417 -20.098123331931852 1.4815298129669774 26.254860922476954 0.013799968136572804
Poles 0.0 0 -10 55 149 106 155 0.3244769275188446 1.9323431253433228 2.1761527061462402 -20.098123331931852 1.4815298129669774 26.254860922476954 0.013799968136572804