TrafficSigns 0.0 0 -10 442 155 454 165 1.0025920867919922 1.0305273532867432 1.0314428806304932 9.26628388662003 1.411630460846979 38.55419898069553 0.008428505375937423
TrafficLight 0.0 0 -10 439 150 445 164 1.4080413579940796 0.40101560950279236 0.9675487875938416 9.26628388662003 1.411630460846979 38.55419898069553 0.008428505375937423
TrafficLight 0.0 0 -10 493 142 498 153 1.1868969202041626 0.40101560950279236 0.367499977350235 9.26628388662003 1.411630460846979 38.55419898069553 0.008428505375937423
Poles 0.0 0 -10 446 117 468 124 0.8008202910423279 0.23537494242191315 2.284640073776245 9.26628388662003 1.411630460846979 38.55419898069553 0.008428505375937423
TrafficSigns 0.0 0 -10 502 145 514 149 0.44764381647109985 0.06572549045085907 1.2684557437896729 9.26628388662003 1.411630460846979 38.55419898069553 0.008428505375937423
TrafficLight 0.0 0 -10 440 166 447 170 0.5115880370140076 0.7182742953300476 0.19678111374378204 9.26628388662003 1.411630460846979 38.55419898069553 0.008428505375937423
TrafficSigns 0.0 1 -10 443 139 449 143 0.4409773647785187 0.6009998321533203 0.16373874247074127 9.26628388662003 1.411630460846979 38.55419898069553 0.008428505375937423
Poles 0.0 0 -10 425 117 446 124 0.8008202910423279 0.23537494242191315 2.284640073776245 9.26628388662003 1.411630460846979 38.55419898069553 0.008428505375937423
TrafficSigns 0.0 0 -10 479 145 483 150 0.44764381647109985 0.06509923934936523 1.2684557437896729 9.26628388662003 1.411630460846979 38.55419898069553 0.008428505375937423
Poles 0.0 0 -10 443 131 512 156 2.5127460956573486 6.859340667724609 1.408475637435913 9.26628388662003 1.411630460846979 38.55419898069553 0.008428505375937423
TrafficLight 0.0 1 -10 445 182 446 184 0.20139548182487488 0.06343229115009308 0.09999999403953552 9.26628388662003 1.411630460846979 38.55419898069553 0.008428505375937423
Poles 0.0 0 -10 443 187 449 194 0.8319958448410034 0.5600000023841858 0.5600000023841858 9.26628388662003 1.411630460846979 38.55419898069553 0.008428505375937423
Poles 0.0 0 -10 445 122 447 188 7.011814594268799 0.20577029883861542 0.20577025413513184 9.26628388662003 1.411630460846979 38.55419898069553 0.008428505375937423
Buildings 0.0 1 -10 616 181 670 198 1.393420696258545 3.8981313705444336 0.562182605266571 22.809875072618496 1.481675451411713 28.573719291390304 1.591218777614169
Buildings 0.0 1 -10 568 181 621 198 1.393420696258545 3.8981313705444336 0.562182605266571 18.932081933887787 1.4817271266280354 28.50226786109912 1.591218777614169
Buildings 0.0 1 -10 520 181 572 199 1.393420696258545 3.8981313705444336 0.562182605266571 15.054296424280395 1.4817788017419746 28.430816495127218 1.591218777614169
Buildings 0.0 1 -10 517 181 577 200 1.393420696258545 4.150892734527588 0.562182605266571 13.29675909026399 1.4817908394639838 26.283072708330558 0.011502059589997504
Buildings 0.0 2 -10 546 181 619 204 1.393420696258545 4.150892734527588 0.562182605266571 13.342143252151857 1.4817513345668023 22.153303727673972 0.011502059589997504
Buildings 0.0 1 -10 589 181 680 210 1.393420696258545 4.150892734527588 0.562182605266571 13.387535043163027 1.4817118295672376 18.023534811336663 0.011502059589997504
Buildings 0.5 1 -10 658 182 778 219 1.393420696258545 4.150892734527588 0.562182605266571 13.432919205050894 1.4816723246700563 13.89376583068007 0.011502059589997504
Buildings 0.0 1 -10 486 178 534 192 1.6865689754486084 5.3970208168029785 1.6865689754486084 19.12524461328158 1.4977867555227544 45.76721242579132 1.5792268295416514
Buildings 0.0 0 -10 486 164 501 178 1.8487268686294556 -1.3414502143859863 1.2758464813232422 16.99274343440851 -0.1334214653030943 45.65716312717644 1.5792265632255424
Buildings 0.0 2 -10 516 178 577 194 1.6865689754486084 5.3970208168029785 1.6865689754486084 19.198213033199366 1.4977042614884988 37.11218564667019 1.5792268295416514
Vegetation 0.375 2 -10 542 -91 908 212 13.627312660217285 11.29561710357666 10.9702730178833 18.414043428120877 1.4184898257429175 21.670410845566668 1.538709496717186
Buildings 0.0 0 -10 662 167 680 181 1.0564154386520386 0.7665429711341858 0.7290551662445068 24.76130396721338 0.08821144596474739 28.636115181037848 1.5792268295416514
Buildings 0.25 0 -10 709 148 725 160 1.0564154386520386 0.7665429711341858 0.7290551662445068 32.862713374194584 -1.810873589565087 33.11074163893646 1.5792268295416514
Static 0.0 0 -10 476 155 565 209 2.738938331604004 3.8760783672332764 1.893609881401062 8.875807723023286 1.4817797469803287 19.092420862869595 0.008430236430645444
Dynamic 0.0 0 -10 317 193 321 193 0.016490155830979347 0.44288942217826843 0.6244134902954102 -4.7713853474568 1.63158324152906 42.51566360199975 3.086626606587212
Dynamic 0.0 0 -10 557 282 611 293 0.01547146961092949 0.5016211867332458 0.5018327832221985 3.332687031811659 1.6375444272560498 5.418516486062706 0.006874018247658025
Dynamic 0.0 0 -10 288 208 300 209 0.03543085977435112 0.4343317747116089 0.6127240061759949 -3.5880538201936503 1.6313581025843522 20.305536053452315 2.375811334781869
Poles 0.0 0 -10 484 112 490 114 0.10929809510707855 0.4117761254310608 0.2957368493080139 8.268802907951013 1.4819133845595271 32.67210601185567 1.5792225684839072
Poles 0.0 0 -10 448 110 491 196 7.753437519073486 3.833437442779541 0.439208060503006 8.268802907951013 1.4819133845595271 32.67210601185567 1.5792225684839072
Other 0.0 0 -10 445 121 456 158 3.052478551864624 0.21492932736873627 3.0425829887390137 8.268802907951013 1.4819133845595271 32.67210601185567 1.5792225684839072
Poles 0.0 0 -10 484 112 490 114 0.10813476145267487 0.40739011764526367 0.29258644580841064 8.268802907951013 1.4819133845595271 32.67210601185567 1.5792225684839072
Poles 0.0 0 -10 677 4 696 11 0.10929809510707855 0.4117761254310608 0.2957368493080139 8.218746071558925 1.4817256990107848 12.67097729888535 1.5792225684839072
Poles 0.25 0 -10 583 -1 701 222 7.753437519073486 3.833437442779541 0.439208060503006 8.218746071558925 1.4817256990107848 12.67097729888535 1.5792225684839072
Other 0.0 0 -10 549 34 639 123 3.052478551864624 0.21492932736873627 3.0425829887390137 8.218746071558925 1.4817256990107848 12.67097729888535 1.5792225684839072
Poles 0.0 0 -10 677 4 696 11 0.10813476145267487 0.40739011764526367 0.29258644580841064 8.218746071558925 1.4817256990107848 12.67097729888535 1.5792225684839072
Poles 0.0 0 -10 242 95 249 98 0.10929809510707855 0.4117761254310608 0.2957368493080139 -11.640406275430863 1.4821230479026648 26.266806345277583 1.5792268295416514
Poles 0.0 0 -10 196 93 251 200 7.753437519073486 3.833437442779541 0.439208060503006 -11.640406275430863 1.4821230479026648 26.266806345277583 1.5792268295416514
Other 0.0 0 -10 178 110 222 152 3.052478551864624 0.21492932736873627 3.0425829887390137 -11.640406275430863 1.4821230479026648 26.266806345277583 1.5792268295416514
Poles 0.0 0 -10 242 95 249 98 0.10813476145267487 0.40739011764526367 0.29258644580841064 -11.640406275430863 1.4821230479026648 26.266806345277583 1.5792268295416514
Car 0.0 1 -10 346 181 372 202 1.4738311767578125 4.1928300857543945 1.8161858320236206 -0.0351366109236011 1.639461279180996 27.969443197500297 0.0017913753072417995
Car 0.0 0 -10 282 180 294 196 1.5900908708572388 1.8171066045761108 0.8659406304359436 -7.050230635463407 1.6373434618390044 35.62081017664735 0.0016343819609812016
Car 0.0 0 -10 391 180 426 204 1.5749659538269043 5.365678787231445 1.8007241487503052 3.464951624162211 1.613811456673019 26.294042023697834 0.0022358568931760245
Pedestrian 0.0 0 -10 224 175 230 195 1.8600000143051147 0.3753577768802643 0.3753577768802643 -12.566859858597226 1.4759903849476188 34.217203533309295 2.973915903458715
Pedestrian 0.0 0 -10 443 176 448 195 1.8600000143051147 0.3753577768802643 0.3753577768802643 8.351203616812825 1.4757153999346753 35.00271112923564 0.4173255986147959
Pedestrian 0.0 0 -10 66 187 82 208 1.100000023841858 0.5 0.5 -14.95685586928441 1.4758779940020523 18.857066103346554 2.7611454444859787
Pedestrian 0.0 0 -10 172 181 178 196 1.2999999523162842 0.3753577768802643 0.3753577768802643 -16.806697965136806 1.4760346644443842 32.847797910514885 0.2329448363364679
Car 0.0 0 -10 342 181 376 209 1.5012825727462769 3.633375883102417 1.845113754272461 -0.02851496189627767 1.6539270057185234 21.487201497457303 0.001726660492752874