NONE 0.0 0 -10 356 205 667 208 1.6081226229577292e-16 2.75 23.5 11.533354292070927 2.1461000442504883 28.785509241591182 1.5683562054461113
TrafficLight 0.0 0 -10 239 153 243 162 1.1868969202041626 0.367499977350235 0.40101560950279236 -15.862093681241829 1.8919121325016022 40.23269848821538 0.006147374744229772
TrafficLight 0.0 0 -10 229 151 233 161 1.1868969202041626 0.367499977350235 0.40101560950279236 -15.862093681241829 1.8919121325016022 40.23269848821538 0.006147374744229772
TrafficLight 0.0 0 -10 209 163 219 175 1.2981234788894653 0.7821386456489563 0.7703027129173279 -15.862093681241829 1.8919121325016022 40.23269848821538 0.006147374744229772
TrafficLight 0.0 0 -10 212 156 219 169 1.4080413579940796 0.9675487875938416 0.40101560950279236 -15.862093681241829 1.8919121325016022 40.23269848821538 0.006147374744229772
Poles 0.0 0 -10 216 124 226 133 0.8008202910423279 0.23537494242191315 2.284640073776245 -15.862093681241829 1.8919121325016022 40.23269848821538 0.006147374744229772
Poles 0.5 1 -10 211 138 250 165 2.5127460956573486 9.88101577758789 1.408475637435913 -15.862093681241829 1.8919121325016022 40.23269848821538 0.006147374744229772
TrafficSigns 0.0 0 -10 224 153 235 157 0.44764381647109985 0.06509923934936523 1.2684557437896729 -15.862093681241829 1.8919121325016022 40.23269848821538 0.006147374744229772
TrafficSigns 0.0 0 -10 216 165 224 167 0.18351325392723083 0.19678111374378204 0.7515859007835388 -15.862093681241829 1.8919121325016022 40.23269848821538 0.006147374744229772
Poles 0.0 0 -10 208 120 219 131 0.8008202910423279 0.23537494242191315 2.284640073776245 -15.862093681241829 1.8919121325016022 40.23269848821538 0.006147374744229772
TrafficSigns 0.0 0 -10 215 178 220 185 0.7619999051094055 0.5158092975616455 0.009999999776482582 -15.862093681241829 1.8919121325016022 40.23269848821538 0.006147374744229772
TrafficLight 0.0 0 -10 216 186 217 188 0.20139548182487488 0.06343229115009308 0.09999999403953552 -15.862093681241829 1.8919121325016022 40.23269848821538 0.006147374744229772
Poles 0.0 0 -10 214 191 221 198 0.8319958448410034 0.5600000023841858 0.5600000023841858 -15.862093681241829 1.8919121325016022 40.23269848821538 0.006147374744229772
Poles 0.0 0 -10 216 129 219 191 7.011814594268799 0.20577029883861542 0.20577025413513184 -15.862093681241829 1.8919121325016022 40.23269848821538 0.006147374744229772
TrafficLight 0.0 0 -10 427 141 432 154 1.1868969202041626 0.40101560950279236 0.367499977350235 6.185751241716562 1.8630144596099854 43.752228484814474 1.576944899961617
TrafficLight 0.0 0 -10 420 145 424 157 1.1868969202041626 0.40101560950279236 0.367499977350235 6.185751241716562 1.8630144596099854 43.752228484814474 1.576944899961617
TrafficLight 0.0 0 -10 406 158 415 169 1.4080413579940796 0.40101560950279236 0.9675390124320984 6.185751241716562 1.8630144596099854 43.752228484814474 1.576944899961617
Poles 0.0 0 -10 409 125 414 135 0.8008202910423279 0.23537494242191315 2.284640073776245 6.185751241716562 1.8630144596099854 43.752228484814474 1.576944899961617
TrafficSigns 0.0 0 -10 409 148 411 152 0.4409773647785187 0.6009998321533203 0.16373874247074127 6.185751241716562 1.8630144596099854 43.752228484814474 1.576944899961617
TrafficSigns 0.0 0 -10 410 150 421 154 0.44764381647109985 0.06509923934936523 1.2684557437896729 6.185751241716562 1.8630144596099854 43.752228484814474 1.576944899961617
Poles 0.0 0 -10 407 128 411 137 0.8008202910423279 0.23537494242191315 2.284640073776245 6.185751241716562 1.8630144596099854 43.752228484814474 1.576944899961617
TrafficSigns 0.0 0 -10 409 170 411 172 0.18351325392723083 0.19678111374378204 0.7515859007835388 6.185751241716562 1.8630144596099854 43.752228484814474 1.576944899961617
Poles 0.0 0 -10 404 131 433 162 2.5127460956573486 9.88101577758789 1.408475637435913 6.185751241716562 1.8630144596099854 43.752228484814474 1.576944899961617
TrafficLight 0.0 0 -10 411 185 411 187 0.20139548182487488 0.06343229115009308 0.09999999403953552 6.185751241716562 1.8630144596099854 43.752228484814474 1.576944899961617
Poles 0.0 0 -10 408 189 413 196 0.8319958448410034 0.5600000023841858 0.5600000023841858 6.185751241716562 1.8630144596099854 43.752228484814474 1.576944899961617
Poles 0.0 0 -10 409 132 411 190 7.011814594268799 0.20577029883861542 0.20577025413513184 6.185751241716562 1.8630144596099854 43.752228484814474 1.576944899961617
TrafficSigns 0.0 0 -10 188 142 192 150 0.7619999051094055 0.7618687152862549 0.009999999776482582 -15.778866628195358 -3.1166696548461914 33.554117335072064 0.006143113686485778
TrafficSigns 0.0 0 -10 182 140 186 149 0.7619999051094055 0.7618687152862549 0.009999999776482582 -15.72189530525017 -3.1033430099487305 32.21207307469286 0.006143113686485778
Fences 0.0 0 -10 139 153 171 202 4.336433410644531 3.8226757049560547 0.826812744140625 -18.693530461125356 2.014075517654419 35.529689720516046 0.006148706324774267
Fences 0.0 0 -10 182 158 205 198 4.336433410644531 3.8226757049560547 0.826812744140625 -18.741994537494012 2.014075517654419 43.41431025099644 0.006148706324774267
Fences 0.0 0 -10 117 149 147 206 4.336433410644531 3.8226757049560547 0.0830981433391571 -18.6692613411915 2.014075517654419 31.581346625486493 0.006148706324774267
Fences 0.0 0 -10 78 144 130 210 4.336433410644531 3.822674512863159 1.0181902647018433 -18.64515789918503 2.014075517654419 27.65995767227899 0.006148706324774267
Fences 0.0 0 -10 170 156 189 200 4.336433410644531 3.8238232135772705 0.083099365234375 -18.717633926579026 2.014075517654419 39.451082488348774 0.006148706324774267
Buildings 0.0 1 -10 39 159 116 208 3.477489471435547 3.568995475769043 3.0086944103240967 -21.235237986560815 1.9961690157651901 27.48936369449767 1.576943834697181
Vegetation 0.0 0 -10 512 177 522 196 2.128873348236084 1.6999599933624268 1.1223511695861816 18.184355139479266 1.7822295129299164 41.55360945665311 1.367075156048195
Vegetation 0.0 1 -10 499 177 514 196 2.128873348236084 1.6999601125717163 1.1223511695861816 17.10099208109726 1.7822301089763641 41.99286259644076 1.5416082144056829
Vegetation 0.0 0 -10 489 177 500 196 2.128873348236084 1.6999599933624268 1.1223511695861816 15.895522881543798 1.7822288870811462 42.25014075889912 1.367075156048195
Vegetation 0.0 0 -10 479 177 490 196 2.128873348236084 1.6999599933624268 1.1223511695861816 14.738145605449326 1.7822258472442627 42.549142921108285 1.367075156048195
Vegetation 0.0 0 -10 471 177 482 196 2.128873348236084 1.6999599933624268 1.1223511695861816 13.933336460888771 1.7822282910346985 42.77498957880755 1.367075156048195
Vegetation 0.0 1 -10 448 177 465 195 2.128873348236084 1.699960470199585 1.1223512887954712 11.809098492370957 1.7822282910346985 44.17742566554472 0.4944100307083259
Vegetation 0.0 0 -10 513 177 530 196 2.128873348236084 1.699960470199585 1.1223511695861816 18.712117447541228 1.7822282910346985 41.509477811280796 1.6288748101634536
Vegetation 0.0 0 -10 565 177 583 196 2.128873348236084 1.6999601125717163 1.1223511695861816 24.74870427719703 1.7822301089763641 41.539815253238054 1.5416082144056829
Vegetation 0.0 0 -10 555 177 572 196 2.128873348236084 1.6999601125717163 1.1223511695861816 23.544654336763962 1.7822288870811462 41.566194150979655 1.5416082144056829
Vegetation 0.0 0 -10 543 177 562 196 2.128873348236084 1.699960470199585 1.1223511695861816 22.297533701404703 1.7822282910346985 41.52586265539084 1.6288748101634536
Vegetation 0.0 0 -10 534 177 551 196 2.128873348236084 1.6999601125717163 1.1223511695861816 21.097109290142242 1.7822282910346985 41.51848405548013 1.5416082144056829
Vegetation 0.0 1 -10 526 177 539 196 2.128873348236084 1.6999601125717163 1.1223512887954712 19.966400425937678 1.7822282910346985 41.560031135963264 1.4543417518059663
Vegetation 0.0 0 -10 458 177 472 196 2.128873348236084 1.6999601125717163 1.1223511695861816 12.656604406241144 1.7822282910346985 43.1332911330267 1.2798082939743152
Vegetation 0.0 1 -10 430 178 445 194 2.128873348236084 1.699960470199585 1.1223512887954712 10.256411180423589 1.7822282910346985 47.37114364411589 0.5816771258088012
Vegetation 0.0 1 -10 435 178 451 195 2.128873348236084 1.699960470199585 1.1223512887954712 10.69306743744723 1.7822282910346985 46.38146115364887 0.4944100307083259
Vegetation 0.0 1 -10 442 177 458 195 2.128873348236084 1.699960470199585 1.1223512887954712 11.28238022109306 1.7822282910346985 45.2346138753655 0.4944100307083259
Vegetation 0.0 0 -10 423 178 438 194 2.128873348236084 1.699960470199585 1.1223512887954712 9.53810629973018 1.7822282910346985 48.56383360715792 0.5816771258088012
Vegetation 0.0 0 -10 584 177 604 196 2.128873348236084 1.699960470199585 1.1223511695861816 27.0816569509286 1.7823515832424164 41.560922519379886 1.6288748101634536
Vegetation 0.0 0 -10 573 177 593 196 2.128873348236084 1.699960470199585 1.1223511695861816 25.829001411838632 1.7822295129299164 41.60059849300848 1.6288748101634536
Vegetation 0.0 0 -10 439 154 501 197 4.8941874504089355 5.32741641998291 5.269250869750977 13.712632678964649 1.9937000572681427 44.84606365575492 1.1217841712142294
Vegetation 0.5 1 -10 719 218 722 219 0.0010610827011987567 0.11349289864301682 0.044167544692754745 19.77431168577624 2.1416689744219184 19.73387216865038 0.04152560561317031
Vegetation 0.0 2 -10 686 218 689 219 0.004588340409100056 0.11291249096393585 0.04305644333362579 17.963487333661437 2.143124484224245 19.726281754198173 1.7958780468548508
Sidewalks 0.0 1 -10 24 207 161 226 0.14961962401866913 9.667973518371582 1.083455204963684 -14.614339673347136 1.9999684542417526 21.657989463775333 0.006143113686485778
Car 0.0 1 -10 2 182 71 204 1.7671663761138916 4.552699089050293 2.1852850914001465 -28.88984815118645 2.0461000502109528 32.43711680355723 0.006146575795903164
Dynamic 0.0 1 -10 471 168 526 198 3.541531801223755 5.029393672943115 5.085033893585205 17.528753957604195 1.9461000561714172 45.82268213639869 0.006146575795903164
Static 0.25 1 -10 -10 187 111 218 1.4338903427124023 8.335325241088867 0.5988244414329529 -19.01584681024221 1.9939571022987366 26.68187643459341 0.006146575795903164
Static 0.0 1 -10 504 187 510 198 1.2140138149261475 0.5437172055244446 0.37456512451171875 15.8421944046726 1.9937000572681427 38.631572909564 0.006146575795903164
Other 0.0 0 -10 511 228 512 230 0.04596628621220589 0.020006323233246803 0.020006326958537102 6.169663692617268 2.0276031121611595 14.589797276380015 0.006146575795903164
Other 0.0 0 -10 511 228 512 230 0.04596628621220589 0.020006323233246803 0.020006326958537102 6.169663692617268 2.0276031121611595 14.589797276380015 0.006146575795903164
Other 0.0 0 -10 511 228 512 230 0.04596628621220589 0.020006323233246803 0.020006326958537102 6.169663692617268 2.0276031121611595 14.589797276380015 0.006146575795903164
Other 0.0 0 -10 511 228 512 230 0.04596628621220589 0.020006323233246803 0.020006326958537102 6.169663692617268 2.0276031121611595 14.589797276380015 0.006146575795903164
Other 0.0 0 -10 511 228 512 230 0.04596628621220589 0.020006323233246803 0.020006326958537102 6.169663692617268 2.0276031121611595 14.589797276380015 0.006146575795903164
Other 0.0 0 -10 511 228 512 230 0.04596628621220589 0.020006323233246803 0.020006326958537102 6.169663692617268 2.0276031121611595 14.589797276380015 0.006146575795903164
Other 0.0 0 -10 511 228 512 230 0.04596628621220589 0.020006323233246803 0.020006326958537102 6.169663692617268 2.0276031121611595 14.589797276380015 0.006146575795903164
Other 0.0 0 -10 511 228 512 230 0.04596628621220589 0.020006323233246803 0.020006326958537102 6.169663692617268 2.0276031121611595 14.589797276380015 0.006146575795903164
Other 0.0 0 -10 511 228 512 230 0.04596628621220589 0.020006323233246803 0.020006326958537102 6.169663692617268 2.0276031121611595 14.589797276380015 0.006146575795903164
Other 0.0 0 -10 511 228 512 230 0.04596628621220589 0.020006323233246803 0.020006326958537102 6.169663692617268 2.0276031121611595 14.589797276380015 0.006146575795903164
Other 0.0 0 -10 511 228 512 230 0.04596628621220589 0.020006323233246803 0.020006326958537102 6.169663692617268 2.0276031121611595 14.589797276380015 0.006146575795903164
Other 0.0 0 -10 511 228 512 230 0.04596628621220589 0.020006323233246803 0.020006326958537102 6.169663692617268 2.0276031121611595 14.589797276380015 0.006146575795903164
Other 0.0 0 -10 511 228 512 230 0.04596628621220589 0.020006323233246803 0.020006326958537102 6.169663692617268 2.0276031121611595 14.589797276380015 0.006146575795903164
Other 0.0 0 -10 511 228 512 230 0.04596628621220589 0.020006323233246803 0.020006326958537102 6.169663692617268 2.0276031121611595 14.589797276380015 0.006146575795903164
Other 0.0 0 -10 511 228 512 230 0.04596628621220589 0.020006323233246803 0.020006326958537102 6.169663692617268 2.0276031121611595 14.589797276380015 0.006146575795903164
Other 0.0 0 -10 511 228 512 230 0.04596628621220589 0.020006323233246803 0.020006326958537102 6.169663692617268 2.0276031121611595 14.589797276380015 0.006146575795903164
Other 0.0 0 -10 511 228 512 230 0.04596628621220589 0.020006323233246803 0.020006326958537102 6.169663692617268 2.0276031121611595 14.589797276380015 0.006146575795903164
Other 0.0 0 -10 511 228 512 230 0.04596628621220589 0.020006323233246803 0.020006326958537102 6.169663692617268 2.0276031121611595 14.589797276380015 0.006146575795903164
Other 0.0 0 -10 511 228 512 230 0.04596628621220589 0.020006323233246803 0.020006326958537102 6.169663692617268 2.0276031121611595 14.589797276380015 0.006146575795903164
Other 0.0 0 -10 511 228 512 230 0.04596628621220589 0.020006323233246803 0.020006326958537102 6.169663692617268 2.0276031121611595 14.589797276380015 0.006146575795903164
Other 0.0 0 -10 511 228 512 230 0.04596628621220589 0.020006323233246803 0.020006326958537102 6.169663692617268 2.0276031121611595 14.589797276380015 0.006146575795903164
Other 0.0 0 -10 511 228 512 230 0.04596628621220589 0.020006323233246803 0.020006326958537102 6.169663692617268 2.0276031121611595 14.589797276380015 0.006146575795903164
Other 0.0 0 -10 511 228 512 230 0.04596628621220589 0.020006323233246803 0.020006326958537102 6.169663692617268 2.0276031121611595 14.589797276380015 0.006146575795903164
Other 0.0 0 -10 511 228 512 230 0.04596628621220589 0.020006323233246803 0.020006326958537102 6.169663692617268 2.0276031121611595 14.589797276380015 0.006146575795903164
Other 0.0 0 -10 511 228 512 230 0.04596628621220589 0.020006323233246803 0.020006326958537102 6.169663692617268 2.0276031121611595 14.589797276380015 0.006146575795903164
Other 0.0 0 -10 511 228 512 230 0.04596628621220589 0.020006323233246803 0.020006326958537102 6.169663692617268 2.0276031121611595 14.589797276380015 0.006146575795903164
Other 0.0 0 -10 511 228 512 230 0.04596628621220589 0.020006323233246803 0.020006326958537102 6.169663692617268 2.0276031121611595 14.589797276380015 0.006146575795903164
Other 0.0 0 -10 511 228 512 230 0.04596628621220589 0.020006323233246803 0.020006326958537102 6.169663692617268 2.0276031121611595 14.589797276380015 0.006146575795903164
Poles 0.0 1 -10 521 44 543 229 7.608907699584961 0.4071693420410156 1.1102782487869263 6.169663692617268 2.0276031121611595 14.589797276380015 0.006146575795903164
Dynamic 0.0 0 -10 207 222 213 223 0.007489834912121296 0.14006932079792023 0.2193235605955124 -7.40536034299578 2.1431000442244112 17.798341952140575 0.384770618106963
Dynamic 0.0 0 -10 626 202 628 202 0.004885932896286249 0.14270669221878052 0.1168084591627121 25.22632988278073 2.1431000442244112 33.980405713473125 0.6905695217243975
Dynamic 0.0 0 -10 522 202 526 202 0.01812104508280754 0.18031546473503113 0.2552540600299835 15.7298798380229 2.1431000442244112 34.400173645040795 0.20696040687007855
Dynamic 0.0 0 -10 355 213 359 213 0.01780444197356701 0.17716506123542786 0.250794380903244 -0.1656885961671673 2.1431000442244112 23.040976158943476 1.9053170565841857
Dynamic 0.0 0 -10 678 202 682 202 0.02016201615333557 0.20062439143657684 0.28400328755378723 30.708075761175543 2.1431000442244112 34.51312537496001 1.6856589972422322
Dynamic 0.0 2 -10 507 214 519 215 0.01657685823738575 0.445218026638031 0.6276965737342834 9.305065133336138 2.1431000442244112 21.841708162887702 1.8944684035676387
Dynamic 0.0 0 -10 341 195 345 195 0.016749223694205284 0.44984740018844604 0.6342233419418335 -2.2314792682246734 2.1431000442244112 49.10994800984399 2.3521637293034825
Dynamic 0.0 0 -10 359 196 365 196 0.01704144850373268 0.4576959013938904 0.6452887058258057 0.33635956165589864 2.1431000442244112 47.02041384592586 2.149576332811855
Dynamic 0.0 0 -10 270 206 279 207 0.0060577052645385265 0.4535585641860962 0.6153970956802368 -6.765791723227274 2.1431000442244112 28.445838221877803 3.117814089245397
Dynamic 0.0 0 -10 535 204 546 205 0.006430038716644049 0.4814363121986389 0.6532222032546997 15.354812559392519 2.1431000442244112 30.488858827925082 0.1820739321421012
Buildings 0.0 0 -10 575 192 611 199 0.5343983769416809 3.844456911087036 1.3572403192520142 25.853971373178478 1.9937001466751099 40.93925952622011 1.5796237737021277
Buildings 0.0 0 -10 541 192 574 199 0.5343983769416809 3.844456911087036 1.3572403192520142 21.99979097160655 1.9937001466751099 40.90523498213069 1.5796237737021277
Buildings 0.0 0 -10 492 192 519 200 0.5343983769416809 6.5109477043151855 1.357240080833435 18.15845299202301 1.9937010556459427 40.89075995876828 1.2731529212521526
Buildings 0.0 0 -10 409 191 463 196 0.5343983769416809 6.633524417877197 1.3572404384613037 11.917800984091336 1.9937010556459427 42.80512018797181 0.48763012191568844
Poles 0.0 0 -10 504 50 594 224 7.753437519073486 3.833437442779541 0.439208060503006 6.789604289870913 1.9936915934085846 16.19185504889332 0.7915311570717911
Poles 0.0 0 -10 577 54 591 59 0.10929809510707855 0.4117761254310608 0.2957368493080139 6.789604289870913 1.9936915934085846 16.19185504889332 0.7915311570717911
Poles 0.0 0 -10 577 54 591 59 0.10813476145267487 0.40739011764526367 0.29258644580841064 6.789604289870913 1.9936915934085846 16.19185504889332 0.7915311570717911
TrafficSigns 0.0 0 -10 674 115 707 163 0.7619999051094055 0.5155503153800964 0.009999999776482582 5.1683748883831555 1.9936915934085846 5.56150147590272 1.5769302525756217
Poles 0.0 0 -10 232 135 236 137 0.10929809510707855 0.4117761254310608 0.2957368493080139 -15.990241840449697 1.9936928153038025 42.65353019975775 1.576934380475311
Poles 0.0 0 -10 222 131 237 196 7.753437519073486 3.833437442779541 0.439208060503006 -15.990241840449697 1.9936928153038025 42.65353019975775 1.576934380475311
TrafficSigns 0.0 0 -10 222 173 227 180 0.7619999051094055 0.5155503153800964 0.009999999776482582 -15.990241840449697 1.9936928153038025 42.65353019975775 1.576934380475311
Poles 0.0 0 -10 232 135 236 137 0.10813476145267487 0.40739011764526367 0.29258644580841064 -15.990241840449697 1.9936928153038025 42.65353019975775 1.576934380475311
Poles 0.5 1 -10 -103 13 14 237 7.753437519073486 3.833437442779541 0.439208060503006 -15.80584554298288 1.9936928153038025 12.654096770098217 1.576934380475311
Poles 0.25 0 -10 -4 52 11 57 0.10929809510707855 0.4117761254310608 0.2957368493080139 -15.80584554298288 1.9936928153038025 12.654096770098217 1.576934380475311
Poles 0.25 0 -10 -4 52 11 57 0.10813476145267487 0.40739011764526367 0.29258644580841064 -15.80584554298288 1.9936928153038025 12.654096770098217 1.576934380475311
Poles 0.5 1 -10 396 136 401 194 7.753437519073486 3.833437442779541 0.439208060503006 5.13610129034853 1.9917509108781815 48.04461732978046 1.4896763068330285
Buildings 0.0 1 -10 578 192 600 195 0.14622879028320312 3.43853497505188 0.31602415442466736 25.858814477539696 1.6461000442504883 40.95690589996536 1.576944899961617
Buildings 0.0 1 -10 536 192 555 195 0.14622879028320312 3.43853497505188 0.31602415442466736 20.858908905929766 1.6461000442504883 40.92617318372089 1.576944899961617
Other 0.5 1 -10 708 82 776 152 3.052478551864624 0.21492932736873627 3.0425829887390137 19.30637678693616 1.9937013685703278 18.315129030970283 0.006143113686485778
Poles 0.0 0 -10 647 122 654 124 0.10929809510707855 0.4117761254310608 0.2957368493080139 28.69496835821691 1.9937013685703278 38.85505129191899 0.006138006230057336
Poles 0.0 0 -10 622 121 655 200 7.753437519073486 3.833437442779541 0.439208060503006 28.69496835821691 1.9937013685703278 38.85505129191899 0.006138006230057336
Other 0.0 0 -10 614 135 637 166 3.052478551864624 0.21492932736873627 3.0425829887390137 28.69496835821691 1.9937013685703278 38.85505129191899 0.006138006230057336
Poles 0.0 0 -10 647 122 654 124 0.10813476145267487 0.40739011764526367 0.29258644580841064 28.69496835821691 1.9937013685703278 38.85505129191899 0.006138006230057336
Poles 0.0 1 -10 459 158 481 195 4.685649871826172 2.0568554401397705 2.300708055496216 14.424725772111877 1.9937001466751099 47.369893618640376 0.006146575795903164
Poles 0.0 1 -10 459 167 481 170 0.32664671540260315 1.9347323179244995 2.178541898727417 14.424725772111877 1.9937001466751099 47.369893618640376 0.006146575795903164
Poles 0.0 1 -10 459 167 481 170 0.3244769275188446 1.9323431253433228 2.1761527061462402 14.424725772111877 1.9937001466751099 47.369893618640376 0.006146575795903164
Poles 0.0 0 -10 72 143 122 207 4.685649871826172 2.0568554401397705 2.300708055496216 -19.87981468685243 1.9937001466751099 27.652357213304327 0.006146575795903164
Poles 0.0 0 -10 74 157 121 163 0.32664671540260315 1.9347323179244995 2.178541898727417 -19.87981468685243 1.9937001466751099 27.652357213304327 0.006146575795903164
Poles 0.0 0 -10 74 157 121 163 0.3244769275188446 1.9323431253433228 2.1761527061462402 -19.87981468685243 1.9937001466751099 27.652357213304327 0.006146575795903164