TrafficSigns 0.0 0 -10 249 116 277 142 0.8175948858261108 1.0314452648162842 0.7726220488548279 -3.9203764507319003 1.3771428847932419 13.550474429065787 0.003248285909352777
TrafficLight 0.0 0 -10 241 91 260 134 1.4080413579940796 0.9675390124320984 0.40101438760757446 -3.9203764507319003 1.3771428847932419 13.550474429065787 0.003248285909352777
TrafficLight 0.0 0 -10 272 101 281 125 1.1868969202041626 0.367499977350235 0.40101560950279236 -3.9203764507319003 1.3771428847932419 13.550474429065787 0.003248285909352777
TrafficLight 0.0 0 -10 287 114 294 134 1.1868969202041626 0.367499977350235 0.40101560950279236 -3.9203764507319003 1.3771428847932419 13.550474429065787 0.003248285909352777
Poles 0.5 1 -10 231 -35 259 21 0.8008202910423279 0.23537494242191315 2.284640073776245 -3.9203764507319003 1.3771428847932419 13.550474429065787 0.003248285909352777
TrafficSigns 0.0 0 -10 291 115 296 126 0.44764381647109985 0.06509923934936523 1.2684557437896729 -3.9203764507319003 1.3771428847932419 13.550474429065787 0.003248285909352777
TrafficSigns 0.0 0 -10 251 61 260 78 0.4409773647785187 0.6009998321533203 0.16373874247074127 -3.9203764507319003 1.3771428847932419 13.550474429065787 0.003248285909352777
Poles 0.0 0 -10 252 0 273 44 0.8008202910423279 0.23537494242191315 2.284640073776245 -3.9203764507319003 1.3771428847932419 13.550474429065787 0.003248285909352777
TrafficSigns 0.0 0 -10 264 102 291 111 0.44764381647109985 0.06572549045085907 1.2684557437896729 -3.9203764507319003 1.3771428847932419 13.550474429065787 0.003248285909352777
Poles 0.0 0 -10 236 43 309 139 2.5127460956573486 9.88101577758789 1.408475637435913 -3.9203764507319003 1.3771428847932419 13.550474429065787 0.003248285909352777
TrafficLight 0.0 2 -10 252 185 254 190 0.20139548182487488 0.06343229115009308 0.09999999403953552 -3.9203764507319003 1.3771428847932419 13.550474429065787 0.003248285909352777
Poles 0.0 1 -10 246 198 265 222 0.8319958448410034 0.5600000023841858 0.5600000023841858 -3.9203764507319003 1.3771428847932419 13.550474429065787 0.003248285909352777
Poles 0.0 1 -10 252 14 259 201 7.011814594268799 0.20577029883861542 0.20577025413513184 -3.9203764507319003 1.3771428847932419 13.550474429065787 0.003248285909352777
TrafficLight 0.0 0 -10 334 148 337 157 1.1868969202041626 0.367499977350235 0.40101316571235657 -2.6690851208392203 1.3723811417695702 37.864631009229555 0.00325278495542225
TrafficLight 0.0 0 -10 332 145 335 155 1.1868969202041626 0.367499977350235 0.40101316571235657 -2.6690851208392203 1.3723811417695702 37.864631009229555 0.00325278495542225
TrafficSigns 0.0 0 -10 333 157 341 161 0.3835131824016571 0.7515820264816284 0.7515869140625 -2.6690851208392203 1.3723811417695702 37.864631009229555 0.00325278495542225
TrafficLight 0.0 0 -10 331 149 336 163 1.4080413579940796 0.9675390124320984 0.40101316571235657 -2.6690851208392203 1.3723811417695702 37.864631009229555 0.00325278495542225
Poles 0.0 0 -10 333 115 337 126 0.8008202910423279 0.23537494242191315 2.284640073776245 -2.6690851208392203 1.3723811417695702 37.864631009229555 0.00325278495542225
TrafficSigns 0.0 0 -10 336 147 337 152 0.44764381647109985 0.06509923934936523 1.2684557437896729 -2.6690851208392203 1.3723811417695702 37.864631009229555 0.00325278495542225
TrafficSigns 0.0 0 -10 333 150 343 154 0.44764381647109985 0.06572549045085907 1.2684557437896729 -2.6690851208392203 1.3723811417695702 37.864631009229555 0.00325278495542225
Poles 0.0 0 -10 331 111 335 123 0.8008202910423279 0.23537494242191315 2.284640073776245 -2.6690851208392203 1.3723811417695702 37.864631009229555 0.00325278495542225
Poles 0.0 0 -10 327 131 344 160 2.5127460956573486 9.88101577758789 1.408475637435913 -2.6690851208392203 1.3723811417695702 37.864631009229555 0.00325278495542225
TrafficLight 0.0 0 -10 333 181 334 183 0.20139548182487488 0.06343229115009308 0.09999999403953552 -2.6690851208392203 1.3723811417695702 37.864631009229555 0.00325278495542225
Poles 0.0 0 -10 331 186 337 194 0.8319958448410034 0.5600000023841858 0.5600000023841858 -2.6690851208392203 1.3723811417695702 37.864631009229555 0.00325278495542225
Poles 0.0 0 -10 333 120 335 187 7.011814594268799 0.20577029883861542 0.20577025413513184 -2.6690851208392203 1.3723811417695702 37.864631009229555 0.00325278495542225
TrafficLight 0.0 0 -10 487 133 492 147 1.1868969202041626 0.40101560950279236 0.3674975633621216 11.242184931191543 1.3638567034327242 37.90171990588537 1.5740412554251035
TrafficLight 0.0 0 -10 461 150 471 163 1.4080413579940796 0.40101560950279236 0.967545747756958 11.242184931191543 1.3638567034327242 37.90171990588537 1.5740412554251035
TrafficSigns 0.0 0 -10 474 139 488 144 0.44764381647109985 0.06509923934936523 1.2684557437896729 11.242184931191543 1.3638567034327242 37.90171990588537 1.5740412554251035
Poles 0.0 0 -10 466 115 488 123 0.8008202910423279 0.23537494242191315 2.284640073776245 11.242184931191543 1.3638567034327242 37.90171990588537 1.5740412554251035
TrafficSigns 0.0 0 -10 465 138 468 143 0.4409773647785187 0.6009998321533203 0.16373874247074127 11.242184931191543 1.3638567034327242 37.90171990588537 1.5740412554251035
Poles 0.0 0 -10 444 115 467 123 0.8008202910423279 0.23537494242191315 2.284640073776245 11.242184931191543 1.3638567034327242 37.90171990588537 1.5740412554251035
TrafficSigns 0.0 0 -10 465 159 469 161 0.18351325392723083 0.19678111374378204 0.7515859007835388 11.242184931191543 1.3638567034327242 37.90171990588537 1.5740412554251035
TrafficLight 0.0 0 -10 464 165 467 170 0.5115880370140076 0.7182742953300476 0.19678111374378204 11.242184931191543 1.3638567034327242 37.90171990588537 1.5740412554251035
Poles 0.0 0 -10 459 120 498 155 2.5127460956573486 6.859340667724609 1.408475637435913 11.242184931191543 1.3638567034327242 37.90171990588537 1.5740412554251035
TrafficLight 0.0 0 -10 467 181 468 183 0.20139548182487488 0.06343229115009308 0.09999999403953552 11.242184931191543 1.3638567034327242 37.90171990588537 1.5740412554251035
Poles 0.0 0 -10 463 186 470 194 0.8319958448410034 0.5600000023841858 0.5600000023841858 11.242184931191543 1.3638567034327242 37.90171990588537 1.5740412554251035
Poles 0.0 0 -10 465 120 468 187 7.011814594268799 0.20577029883861542 0.20577025413513184 11.242184931191543 1.3638567034327242 37.90171990588537 1.5740412554251035
TrafficSigns 0.0 1 -10 250 146 254 167 0.7619999051094055 0.5155503153800964 0.009999999776482582 -4.030569875161927 -0.8625215251932161 13.525262963712777 0.003251986007095642
TrafficSigns 0.0 0 -10 256 146 260 167 0.7619999051094055 0.5155503153800964 0.009999999776482582 -3.8206996891332987 -0.8625216624496888 13.52594545177979 0.003248523897678655
TrafficSigns 0.0 0 -10 335 136 335 144 0.7619999051094055 0.7618687152862549 0.009999999776482582 -2.5831269018081833 -4.116185447048715 37.87137277383654 0.003248523897678655
TrafficSigns 0.0 1 -10 253 170 256 190 0.7619999051094055 0.263102650642395 0.009999999776482582 -3.9246316363314437 0.020254085056047533 13.443413096009493 1.5740492449083738
TrafficSigns 0.0 1 -10 255 170 257 190 0.7619999051094055 0.263102650642395 0.009999999776482582 -3.925313125811234 0.02021301487973126 13.652976192477723 1.5740533728080637
TrafficSigns 0.0 0 -10 287 109 289 124 0.7619999051094055 0.5155503153800964 0.009999999776482582 -3.9939313933158584 -3.514450737155256 20.24338862636519 0.003251986007095642
TrafficSigns 0.0 0 -10 329 134 330 144 0.7619999051094055 0.5155503153800964 0.009999999776482582 -2.5988238768461382 -3.516640943383418 31.418928495908148 0.0032562470648391795
Vegetation 0.0 0 -10 490 182 503 189 0.9019812345504761 1.1472563743591309 1.073017954826355 16.15270385313048 0.9980624183630527 42.48987635930395 0.07617801689414305
Vegetation 0.0 1 -10 529 182 544 189 0.9019812345504761 1.1472562551498413 1.0730178356170654 20.903904024165982 0.9980091719336577 42.761164875061624 2.5680188611878303
Static 0.0 0 -10 488 186 505 192 0.7451377511024475 1.3974648714065552 1.3974648714065552 16.19441495638561 1.473298859749375 42.633446963568986 0.8275992132420891
Static 0.0 1 -10 526 186 544 192 0.7451377511024475 1.3974647521972656 1.3974647521972656 20.839766979731458 1.4732810205051934 42.7240772061234 0.17784403338272803
Static 0.0 0 -10 220 188 247 193 0.5241557359695435 2.2445898056030273 2.2445898056030273 -13.667564658232664 1.4739657453975026 39.23316580960724 0.03049661497893208
Static 0.0 0 -10 585 188 622 194 0.5731030702590942 2.415276527404785 2.415276527404785 26.30700727582799 1.4740321721492662 38.89081532271301 3.1357890929422925
Vegetation 0.125 1 -10 176 0 277 195 18.80402183532715 7.963916301727295 8.225021362304688 -13.667564658232664 1.4739657453975026 39.23316580960724 0.030496604575959374
Vegetation 0.25 2 -10 541 -27 686 195 21.021076202392578 8.902886390686035 9.194775581359863 26.30700727582799 1.4740321721492662 38.89081532271301 3.1357890929422925
Vegetation 0.0 0 -10 222 196 223 196 0.000989423249848187 0.10582821816205978 0.041184715926647186 -13.79803172743666 1.62263263807099 36.148037511689694 2.5658449227899984
Vegetation 0.0 0 -10 704 196 706 196 0.0009839076083153486 0.10523825138807297 0.04095512256026268 34.49312822726112 1.6226988705751504 35.94664727663708 0.5020029360027376
Vegetation 0.0 0 -10 251 195 252 195 0.0009715837659314275 0.103920117020607 0.040442146360874176 -10.997955754445718 1.6181481559830349 36.74016851392112 1.2611071773256153
Vegetation 0.0 0 -10 239 195 240 195 0.0008834921172820032 0.09449786692857742 0.03677533194422722 -12.239824419185979 1.6200937811422063 36.616050718499466 0.41567853334912286
Vegetation 0.0 0 -10 698 196 699 196 0.0008062256965786219 0.0862334817647934 0.033559124916791916 34.08016814068549 1.6227561460112767 36.15126858821486 0.2561225603300228
Vegetation 0.0 0 -10 236 196 237 196 0.0009156618034467101 0.06974119693040848 0.03843139857053757 -12.337487198752694 1.6235631501237195 36.16979332762233 0.544956262276298
Vegetation 0.0 0 -10 704 196 705 196 0.0009571625269018114 0.07290209829807281 0.04017324000597 34.47764050164768 1.6240096814766531 35.98710946803682 2.7720763891802087
Vegetation 0.0 0 -10 239 195 240 195 0.0010151636088266969 0.07731972634792328 0.04260760173201561 -12.235023679503762 1.6163040070188623 36.845993870276814 1.2972477380565897
Vegetation 0.0 0 -10 221 196 222 196 0.003645467571914196 0.08970973640680313 0.03420863673090935 -13.889685834194658 1.623568642729807 36.26645364889309 3.1266280643025826
Vegetation 0.0 0 -10 241 195 242 195 0.003654865548014641 0.08994100242853165 0.034296825528144836 -12.052454556511385 1.6187122770228726 36.668105046071915 1.1448221125400684
Vegetation 0.0 0 -10 252 195 253 195 0.0036083057057112455 0.08879522979259491 0.03385991230607033 -10.957718969793483 1.6161534468939478 36.83251595204531 2.0859278480233976
Vegetation 0.0 0 -10 701 196 702 196 0.003614452201873064 0.08894649147987366 0.033917587250471115 34.33189657228696 1.622231725071318 36.16329473462336 1.8024489973704583
Static 0.0 0 -10 518 182 523 194 1.2140138149261475 0.5437171459197998 0.374565064907074 16.734310658038183 1.4743161289521507 37.442723856487376 1.54992260332891
Static 0.0 1 -10 181 182 186 194 1.2140138149261475 0.5437171459197998 0.374565064907074 -18.41059179842715 1.474270778042992 37.67712232571114 1.6211235466527234
Dynamic 0.0 0 -10 264 161 280 177 1.789809226989746 1.6000815629959106 1.7709107398986816 -10.316987741215264 1.4740539381678925 38.78332779689458 2.446713071957211
Dynamic 0.0 0 -10 246 157 265 175 1.789809226989746 1.6000815629959106 1.7709107398986816 -10.316987741215264 1.4740539381678925 38.78332779689458 2.446713071957211
Dynamic 0.0 0 -10 268 175 268 179 0.43423697352409363 0.07566714286804199 0.07395773380994797 -10.316987741215264 1.4740539381678925 38.78332779689458 2.446713071957211
Dynamic 0.0 0 -10 257 167 258 171 0.43423697352409363 0.07566714286804199 0.07395773380994797 -10.316987741215264 1.4740539381678925 38.78332779689458 2.446713071957211
Dynamic 0.0 1 -10 256 163 258 167 0.43423697352409363 0.07566714286804199 0.07395773380994797 -10.316987741215264 1.4740539381678925 38.78332779689458 2.446713071957211
Dynamic 0.0 0 -10 248 157 271 173 1.7476155757904053 1.7748608589172363 1.79638671875 -10.316987741215264 1.4740539381678925 38.78332779689458 2.446713071957211
Dynamic 0.0 1 -10 255 159 280 194 3.573108673095703 2.2846763134002686 4.638397693634033 -10.316987741215264 1.4740539381678925 38.78332779689458 2.446713071957211
Dynamic 0.0 0 -10 259 161 278 178 1.7476155757904053 1.7748608589172363 1.79638671875 -10.316987741215264 1.4740539381678925 38.78332779689458 2.446713071957211
Dynamic 0.0 0 -10 269 174 270 178 0.4350110590457916 0.07720208913087845 0.07682705670595169 -10.316987741215264 1.4740539381678925 38.78332779689458 2.446713071957211
Dynamic 0.0 0 -10 268 179 268 183 0.43423697352409363 0.07566714286804199 0.07395773380994797 -10.316987741215264 1.4740539381678925 38.78332779689458 2.446713071957211
Dynamic 0.0 0 -10 525 159 548 177 1.789809226989746 1.6000815629959106 1.7709107398986816 20.21446187886636 1.473954572879632 39.28774526117023 0.003251986007095642
Dynamic 0.0 0 -10 549 157 550 162 0.43423697352409363 0.07566714286804199 0.07395773380994797 20.21446187886636 1.473954572879632 39.28774526117023 0.003251986007095642
Dynamic 0.0 0 -10 552 158 570 175 1.789809226989746 1.6000815629959106 1.7709107398986816 20.21446187886636 1.473954572879632 39.28774526117023 0.003251986007095642
Dynamic 0.0 0 -10 558 167 559 171 0.43423697352409363 0.07566714286804199 0.07395773380994797 20.21446187886636 1.473954572879632 39.28774526117023 0.003251986007095642
Dynamic 0.0 0 -10 549 162 550 166 0.43423697352409363 0.07566714286804199 0.07395773380994797 20.21446187886636 1.473954572879632 39.28774526117023 0.003251986007095642
Dynamic 0.0 0 -10 558 163 561 167 0.43423697352409363 0.07566714286804199 0.07395773380994797 20.21446187886636 1.473954572879632 39.28774526117023 0.003251986007095642
Dynamic 0.0 0 -10 539 155 562 173 1.7476155757904053 1.7748608589172363 1.79638671875 20.21446187886636 1.473954572879632 39.28774526117023 0.003251986007095642
Dynamic 0.0 0 -10 525 159 565 194 3.573108673095703 2.2846763134002686 4.638397693634033 20.21446187886636 1.473954572879632 39.28774526117023 0.003251986007095642
Dynamic 0.0 0 -10 538 162 561 178 1.7476155757904053 1.7748608589172363 1.79638671875 20.21446187886636 1.473954572879632 39.28774526117023 0.003251986007095642
Dynamic 0.0 0 -10 549 166 550 170 0.43423697352409363 0.07566714286804199 0.07395773380994797 20.21446187886636 1.473954572879632 39.28774526117023 0.003251986007095642
Dynamic 0.0 0 -10 17 199 19 199 0.005046309903264046 0.1473909318447113 0.12064260244369507 -28.511287321308536 1.6251689981997786 30.03315765793198 0.42404102561953927
Dynamic 0.0 0 -10 330 204 335 205 0.018211541697382927 0.18121597170829773 0.2565287947654724 -1.7504372048519823 1.6264723053841335 23.380675767187242 0.48915568045662683
Dynamic 0.0 0 -10 469 199 473 199 0.01920956000685692 0.1911468803882599 0.2705869674682617 9.095408157878266 1.6252810555473733 29.458175952978877 2.4847969413356172
Dynamic 0.0 0 -10 446 203 456 204 0.0163557268679142 0.4392789602279663 0.6193232536315918 6.1334177046869005 1.6263212011549606 24.15102281817596 0.4390261004411977
Dynamic 0.0 0 -10 537 249 569 254 0.014110003598034382 0.4574792683124542 0.45767226815223694 4.309622478746739 1.6294652923276487 8.108264300574362 1.6077692585245755
Dynamic 0.0 0 -10 449 200 458 201 0.036303918808698654 0.4450342357158661 0.6278222799301147 7.340027139335959 1.625631436939472 27.670483358559025 1.35359529987465
Poles 0.0 0 -10 141 115 147 117 0.10929809510707855 0.4117761254310608 0.2957368493080139 -20.568640924217146 1.4742739773947553 37.66143741268449 0.003251986007095642
Poles 0.0 0 -10 140 113 166 195 7.753437519073486 3.833437442779541 0.439208060503006 -20.568640924217146 1.4742739773947553 37.66143741268449 0.003251986007095642
TrafficSigns 0.0 0 -10 163 172 164 180 0.7619999051094055 0.263102650642395 0.009999999776482582 -20.568640924217146 1.4742739773947553 37.66143741268449 0.003251986007095642
TrafficSigns 0.0 0 -10 160 164 165 172 0.7619999051094055 0.5155503153800964 0.009999999776482582 -20.568640924217146 1.4742739773947553 37.66143741268449 0.003251986007095642
Other 0.0 0 -10 154 129 171 151 2.0029096603393555 0.21492932736873627 3.0425829887390137 -20.568640924217146 1.4742739773947553 37.66143741268449 0.003251986007095642
Poles 0.0 0 -10 141 115 147 117 0.10813476145267487 0.40739011764526367 0.29258644580841064 -20.568640924217146 1.4742739773947553 37.66143741268449 0.003251986007095642
Poles 0.0 0 -10 341 113 347 195 7.753437519073486 3.833437442779541 0.439208060503006 -1.586097841086408 1.47426156268756 37.72316775838509 0.003251986007095642
Poles 0.0 0 -10 341 115 345 117 0.10929809510707855 0.4117761254310608 0.2957368493080139 -1.586097841086408 1.47426156268756 37.72316775838509 0.003251986007095642
Poles 0.0 0 -10 341 115 345 117 0.10813476145267487 0.40739011764526367 0.29258644580841064 -1.586097841086408 1.47426156268756 37.72316775838509 0.003251986007095642
Poles 0.0 0 -10 548 114 553 116 0.10929809510707855 0.4117761254310608 0.2957368493080139 17.90236540444929 1.4743932939482471 37.04934157450286 0.003251986007095642
Poles 0.0 0 -10 530 112 555 195 7.753437519073486 3.833437442779541 0.439208060503006 17.90236540444929 1.4743932939482471 37.04934157450286 0.003251986007095642
TrafficSigns 0.0 0 -10 531 168 536 175 0.7619999051094055 0.5155503153800964 0.009999999776482582 17.90236540444929 1.4743932939482471 37.04934157450286 0.003251986007095642
Other 0.0 0 -10 526 128 542 151 2.0029096603393555 0.21492932736873627 3.0425829887390137 17.90236540444929 1.4743932939482471 37.04934157450286 0.003251986007095642
Poles 0.0 0 -10 548 114 553 116 0.10813476145267487 0.40739011764526367 0.29258644580841064 17.90236540444929 1.4743932939482471 37.04934157450286 0.003251986007095642
Poles 0.5 2 -10 678 7 784 220 7.753437519073486 3.833437442779541 0.439208060503006 15.228119319239998 1.4783737362544844 16.739123645039783 0.003250654426550718
Other 0.25 0 -10 657 59 722 119 2.0029096603393555 0.21492932736873627 3.0425829887390137 15.228119319239998 1.4783737362544844 16.739123645039783 0.003250654426550718
Poles 0.0 0 -10 477 153 502 192 4.685649871826172 2.0568554401397705 2.300708055496216 16.065816522267927 1.5137531981996202 44.78471284380484 0.0032530512715318594
Poles 0.0 0 -10 478 162 501 165 0.32664671540260315 1.9347323179244995 2.178541898727417 16.065816522267927 1.5137531981996202 44.78471284380484 0.0032530512715318594
Poles 0.0 0 -10 478 162 501 165 0.3244769275188446 1.9323431253433228 2.1761527061462402 16.065816522267927 1.5137531981996202 44.78471284380484 0.0032530512715318594
Poles 0.0 0 -10 398 153 419 192 4.685649871826172 2.0568554401397705 2.300708055496216 6.06586949353303 1.5137597382303098 44.75219348196971 0.0032511870587687342
Poles 0.0 0 -10 399 162 419 165 0.32664671540260315 1.9347323179244995 2.178541898727417 6.06586949353303 1.5137597382303098 44.75219348196971 0.0032511870587687342
Poles 0.0 0 -10 399 162 419 165 0.3244769275188446 1.9323431253433228 2.1761527061462402 6.06586949353303 1.5137597382303098 44.75219348196971 0.0032511870587687342
Poles 0.0 0 -10 317 153 337 192 4.685649871826172 2.0568554401397705 2.300708055496216 -3.934076849752066 1.5137662782605512 44.71967412236363 0.00325278495542225
Poles 0.0 0 -10 318 162 337 165 0.32664671540260315 1.9347323179244995 2.178541898727417 -3.934076849752066 1.5137662782605512 44.71967412236363 0.00325278495542225
Poles 0.0 0 -10 318 162 337 165 0.3244769275188446 1.9323431253433228 2.1761527061462402 -3.934076849752066 1.5137662782605512 44.71967412236363 0.00325278495542225
Pedestrian 0.0 0 -10 411 176 415 192 1.8600000143051147 0.3753577768802643 0.3753577768802643 6.57304478471167 1.4743087028650363 43.98041719121298 1.7729090814012443
Car 0.0 0 -10 72 179 215 232 1.638383150100708 5.237514495849609 1.9297595024108887 -7.827803723704548 1.630634321176923 14.01057527639685 3.0375115910785615