Buildings 0.0 0 -10 282 144 300 158 1.0922385454177856 5.679421424865723 0.8985499143600464 -7.489747550851144 -3.079772144134955 39.137446964525026 1.5743381978866475
Vegetation 0.0 0 -10 187 171 204 193 2.128873348236084 1.699960470199585 1.1223511695861816 -16.620070223492693 1.21737697473789 36.448970055681656 1.626268108088484
Vegetation 0.0 0 -10 198 171 217 193 2.128873348236084 1.6999601125717163 1.1223511695861816 -15.372849829301698 1.2190217907393015 36.486050633509024 1.539001512330713
Vegetation 0.0 0 -10 210 171 229 193 2.128873348236084 1.6999601125717163 1.1223511695861816 -14.168858558699535 1.2205972798298892 36.456533371178416 1.539001512330713
Vegetation 0.0 1 -10 574 172 597 193 2.128873348236084 1.699960470199585 1.1223511695861816 22.948703371737803 1.2693627113388435 36.54066782077302 1.626268108088484
Vegetation 0.0 0 -10 232 171 250 193 2.128873348236084 1.6999601125717163 1.1223511695861816 -12.004399574516166 1.2234394505271435 36.464195489831994 1.539001512330713
Vegetation 0.0 0 -10 223 171 238 193 2.128873348236084 1.699960470199585 1.1223511695861816 -13.088422900790107 1.22202615999824 36.51450041555968 1.626268108088484
Vegetation 0.0 1 -10 581 172 617 194 2.128873348236084 2.7624428272247314 1.4924523830413818 24.724203324047537 1.2717682656381109 37.03724768593426 1.8880661643070882
Vegetation 0.0 1 -10 607 173 628 193 2.128873348236084 2.7624430656433105 1.4924525022506714 28.067686491836024 1.276579669537432 39.170396452413684 2.7607313895154983
Vegetation 0.0 1 -10 596 172 630 193 2.128873348236084 2.7624430656433105 1.4924525022506714 26.77465394186641 1.2746403465945733 37.94944577663567 1.9753322274326415
Vegetation 0.0 0 -10 531 172 549 193 2.128873348236084 1.6999601125717163 1.1223511695861816 18.347867352914214 1.26330076990502 36.60542094175783 1.539001512330713
Vegetation 0.0 0 -10 542 172 562 193 2.128873348236084 1.6999601125717163 1.1223511695861816 19.551854808846432 1.2648762539865297 36.5759036659234 1.539001512330713
Vegetation 0.0 1 -10 563 172 583 193 2.128873348236084 1.6999601125717163 1.1223511695861816 21.71631379302981 1.2677184246837845 36.583565784576976 1.539001512330713
Vegetation 0.0 0 -10 551 172 573 193 2.128873348236084 1.699960470199585 1.1223511695861816 20.63229046675586 1.2663051341548808 36.633870710304656 1.626268108088484
Vegetation 0.0 0 -10 507 172 525 193 2.128873348236084 1.6999601125717163 1.1223511695861816 15.9002084744463 1.2600796472566353 36.56409084838404 1.539001512330713
Vegetation 0.0 0 -10 518 172 538 193 2.128873348236084 1.699960470199585 1.1223511695861816 17.10064695872322 1.2616559539036083 36.56834036393045 1.626268108088484
Vegetation 0.0 0 -10 498 172 512 193 2.128873348236084 1.6999601125717163 1.1223512887954712 14.769612755809673 1.2586046775481563 36.608585122080584 1.4517350497309964
Vegetation 0.0 0 -10 483 172 502 193 2.128873348236084 1.699960470199585 1.1223511695861816 13.51521485077402 1.256949012637285 36.56130146035867 1.626268108088484
Vegetation 0.0 0 -10 471 172 489 193 2.128873348236084 1.699960470199585 1.1223511695861816 12.277449948903268 1.2553343173948506 36.60429483021301 1.626268108088484
Vegetation 0.0 0 -10 451 172 465 193 2.128873348236084 1.6999601125717163 1.1223511695861816 9.993026835061622 1.2523299531449896 36.57584506166617 1.539001512330713
Vegetation 0.0 0 -10 462 172 477 193 2.128873348236084 1.6999601125717163 1.1223511695861816 11.19701429099384 1.2539054372264995 36.54632778583175 1.539001512330713
Vegetation 0.0 0 -10 437 172 454 193 2.128873348236084 1.699960470199585 1.1223511695861816 8.745806440870629 1.250685137143578 36.538764483838804 1.626268108088484
Vegetation 0.0 0 -10 416 172 429 193 2.128873348236084 1.6999601125717163 1.1223512887954712 6.414772237957078 1.247633860788126 36.57900924198893 1.4517350497309964
Vegetation 0.0 0 -10 427 172 441 193 2.128873348236084 1.6999601125717163 1.1223511695861816 7.54536414192376 1.2491088254875273 36.534514954788584 1.539001512330713
Vegetation 0.0 0 -10 403 172 418 193 2.128873348236084 1.699960470199585 1.1223511695861816 5.160370518251482 1.2459781908681768 36.53172556676321 1.626268108088484
Vegetation 0.0 0 -10 392 172 407 193 2.128873348236084 1.699960470199585 1.1223511695861816 4.050133960975844 1.2444442890276617 36.57517039985884 1.626268108088484
Vegetation 0.0 0 -10 383 172 395 193 2.128873348236084 1.6999601125717163 1.1223511695861816 2.969698303066416 1.2430154088593106 36.517203355477584 1.539001512330713
Vegetation 0.0 0 -10 371 172 382 193 2.128873348236084 1.6999601125717163 1.1223511695861816 1.7657146618041437 1.2414399297868786 36.54672064481582 1.539001512330713
Vegetation 0.0 0 -10 358 172 371 193 2.128873348236084 1.699960470199585 1.1223511695861816 0.5184942676131501 1.239795113785467 36.50964006698845 1.626268108088484
Vegetation 0.0 0 -10 346 172 359 193 2.128873348236084 1.6999601125717163 1.1223511695861816 -0.6819518460036702 1.2382187971203387 36.50539052443442 1.539001512330713
Vegetation 0.0 0 -10 334 171 349 193 2.128873348236084 1.6999601125717163 1.1223512887954712 -1.8125399353003926 1.236743837430015 36.54988482513858 1.4517350497309964
Vegetation 0.0 0 -10 324 171 335 193 2.128873348236084 1.699960470199585 1.1223511695861816 -3.066941655006003 1.235088167510066 36.502601149912856 1.626268108088484
Vegetation 0.0 0 -10 173 171 194 193 2.128873348236084 1.6999601125717163 1.1223511695861816 -17.82050870776961 1.215800668090917 36.44472054013525 1.539001512330713
Vegetation 0.0 0 -10 162 171 184 193 2.128873348236084 1.6999601125717163 1.1223512887954712 -18.951096797066345 1.2143257084005932 36.48921484083941 1.4517350497309964
Vegetation 0.0 0 -10 150 171 169 193 2.128873348236084 1.699960470199585 1.1223511695861816 -20.205490887432063 1.2126700484987993 36.44193119262132 1.626268108088484
Vegetation 0.0 0 -10 138 171 158 193 2.128873348236084 1.699960470199585 1.1223511695861816 -21.44326723331264 1.211055338229132 36.48492452196422 1.626268108088484
Vegetation 0.0 0 -10 102 171 123 193 2.128873348236084 1.699960470199585 1.1223511695861816 -24.974906926675335 1.2064061629869374 36.41939418909382 1.626268108088484
Vegetation 0.0 0 -10 114 171 137 193 2.128873348236084 1.6999601125717163 1.1223511695861816 -23.72768653248434 1.208050978988349 36.45647476692119 1.539001512330713
Vegetation 0.0 0 -10 126 171 148 193 2.128873348236084 1.6999601125717163 1.1223511695861816 -22.523695261882192 1.2096264680789361 36.42695750459059 1.539001512330713
Vegetation 0.0 0 -10 89 171 113 193 2.128873348236084 1.6999601125717163 1.1223511695861816 -26.17536829897192 1.2048298262854984 36.41514459252453 1.539001512330713
Vegetation 0.0 0 -10 78 171 103 193 2.128873348236084 1.6999601125717163 1.1223512887954712 -27.30596401760855 1.2033548565770193 36.459638866221056 1.4517350497309964
Vegetation 0.0 0 -10 66 171 89 193 2.128873348236084 1.699960470199585 1.1223511695861816 -28.560350478634362 1.2016992066933812 36.412355245010595 1.626268108088484
Vegetation 0.0 0 -10 55 171 79 193 2.128873348236084 1.699960470199585 1.1223511695861816 -29.670587035910014 1.2001653048528658 36.455800078106236 1.626268108088484
Vegetation 0.0 0 -10 43 171 68 193 2.128873348236084 1.6999601125717163 1.1223511695861816 -30.75103795249921 1.198736404648204 36.39783297970971 1.539001512330713
Vegetation 0.0 0 -10 31 171 57 193 2.128873348236084 1.6999601125717163 1.1223511695861816 -31.955013964421592 1.1971609355939272 36.42735029605558 1.539001512330713
Vegetation 0.0 0 -10 18 171 44 193 2.128873348236084 1.699960470199585 1.1223511695861816 -33.202234358612586 1.1955161195925157 36.39026971822821 1.626268108088484
Vegetation 0.0 0 -10 312 141 371 194 5.343840599060059 5.816871643066406 5.75336217880249 -1.6285916734680617 1.4488218248241476 39.00513065816871 3.108066397426462
Vegetation 0.0 0 -10 193 140 268 195 5.343840599060059 5.816871643066406 5.75336217880249 -13.420366448584412 1.4332122582287163 38.33318859843587 3.108066397426462
Vegetation 0.0 0 -10 324 197 325 197 0.001092784688808024 0.11688368767499924 0.04548712447285652 -3.154399509002601 1.5949281925010537 32.41900530632958 0.09797876176845133
Vegetation 0.0 0 -10 27 197 28 197 0.0007935455068945885 0.08487723022699356 0.03303131088614464 -29.296420207176787 1.5610011487687736 31.760522690255495 2.2343032049960723
Vegetation 0.0 0 -10 30 197 32 197 0.0010568419238552451 0.11303926259279251 0.04399101063609123 -29.302253542742218 1.5591802421668066 32.13315105590516 2.5277824918583685
Vegetation 0.0 0 -10 32 197 34 197 0.0008213217952288687 0.08784816414117813 0.034187495708465576 -28.773751152261383 1.5617344944503382 31.75423229870819 1.2567443868278474
Vegetation 0.0 0 -10 40 197 41 197 0.0009503006585873663 0.10164367407560349 0.03955623880028725 -28.685109609802357 1.5603770972047413 32.368239636134874 1.858083897280813
Vegetation 0.0 0 -10 50 197 51 197 0.0009692290332168341 0.10366824269294739 0.040344126522541046 -27.628159355394384 1.5620566341131166 32.20252360871941 1.2950949717894238
Vegetation 0.0 0 -10 453 197 454 197 0.0009666404803283513 0.1033913716673851 0.04023637995123863 8.609442817630544 1.6059927996813923 32.89787787633348 1.6749789223226874
Vegetation 0.0 0 -10 206 197 207 197 0.000878161343280226 0.09392766654491425 0.036553431302309036 -13.936011808094095 1.5765723969767096 32.78027136322764 2.312693884314773
Vegetation 0.0 0 -10 316 197 317 197 0.000794186897110194 0.08494579792022705 0.03305799886584282 -3.9087885438993886 1.594238902548359 32.5886151699227 0.9823499781273322
Vegetation 0.0 0 -10 328 197 328 197 0.0009349796455353498 0.10000494867563248 0.03891850262880325 -2.8656581170014452 1.5941525887178098 32.60325635166399 3.088207459010283
Vegetation 0.0 0 -10 251 197 252 197 0.0009188437252305448 0.09827906638383865 0.038246847689151764 -9.852504233231448 1.5830280147159204 32.744021369882574 1.101514918736663
Vegetation 0.0 0 -10 677 296 687 297 0.0010453341528773308 0.1118084117770195 0.0435120053589344 4.406483284365434 1.5965366504957221 4.904740625411691 0.8666818346083018
Vegetation 0.0 0 -10 31 197 32 197 0.0007967965211719275 0.085224948823452 0.033166635781526566 -29.63953563089132 1.5592350150347623 32.501511916315465 0.6690262795603648
Vegetation 0.0 0 -10 60 197 61 197 0.0008140949066728354 0.08707518130540848 0.03388667851686478 -27.10197022054332 1.5610128195279083 32.60987623673495 0.8014370510624507
Vegetation 0.0 0 -10 208 194 209 194 0.0009415540844202042 0.10070814937353134 0.039192162454128265 -14.781122935090186 1.4269872431066375 35.32207461577215 0.9729491526374066
Vegetation 0.0 0 -10 233 194 234 194 0.0009333073976449668 0.09982607513666153 0.038848888128995895 -12.524287206706944 1.4313514707920887 35.730220091902794 2.7013199274423294
Vegetation 0.0 0 -10 211 194 212 194 0.0010689229238778353 0.08141430467367172 0.044863954186439514 -14.58121042852053 1.4276966460757121 35.408567662307036 2.0643136326163143
Vegetation 0.0 0 -10 716 220 719 220 0.0010640248656272888 0.08104124665260315 0.04465837404131889 12.83558897148828 1.4589380336419897 12.906631531151188 1.905734107610892
Vegetation 0.0 0 -10 76 194 76 194 0.0007740627625025809 0.058956339955329895 0.03248832747340202 -28.014414466055577 1.411308168690883 35.58583869322001 1.8501262387856015
Vegetation 0.0 0 -10 225 194 226 194 0.004663063678890467 0.11475131660699844 0.04375763610005379 -13.21940883904218 1.4288905163915877 35.572370831747506 2.5434097879768984
Vegetation 0.0 0 -10 228 194 229 194 0.003954779822379351 0.09732147306203842 0.03711118549108505 -12.979013516354733 1.4305002024710867 35.63239552733701 1.8501262387856015
Vegetation 0.0 0 -10 79 194 80 194 0.004803462419658899 0.11820632964372635 0.045075125992298126 -27.788091324246423 1.4105027742312526 35.67575959921957 1.7437032589907817
Vegetation 0.0 0 -10 454 197 455 197 0.0008050628821365535 0.06131744757294655 0.03378942981362343 8.516309343637149 1.6099412740850993 32.33304496331584 2.8620081433988767
Vegetation 0.0 0 -10 436 197 436 197 0.0007945214747451246 0.06051457300782204 0.0333469994366169 6.929552301162491 1.6081093353497837 32.56098033017764 0.9490764434678818
Vegetation 0.0 0 -10 256 197 257 197 0.0009675428736954927 0.07369271665811539 0.04060891643166542 -9.300372961112117 1.5859584132615865 32.46181307778396 2.2659423576945406
Vegetation 0.0 0 -10 672 298 677 300 0.0010213529458269477 0.07779114693403244 0.04286738857626915 4.215670632020632 1.5981424037456238 4.811510122971971 1.2727557107755674
Vegetation 0.0 0 -10 33 197 34 197 0.0010936717735603452 0.08329929411411285 0.045902688056230545 -29.003332995008684 1.5589997048353195 32.01287831600836 1.458085623666399
Vegetation 0.0 0 -10 450 197 451 197 0.0008246314828284085 0.06280789524316788 0.034610748291015625 8.281140077829562 1.60629482394111 32.85248767566454 0.935275143750764
Vegetation 0.0 0 -10 667 295 674 297 0.0008939823019318283 0.06808998435735703 0.03752148896455765 4.273940030389435 1.5986936665296305 4.955851726391444 1.8950753379800682
Vegetation 0.0 0 -10 448 197 449 197 0.004708158317953348 0.11586104333400726 0.04418080300092697 8.01313876903172 1.6091696525768548 32.4003712645294 0.6529128233848409
Vegetation 0.0 0 -10 433 197 434 197 0.0035799231845885515 0.08809677511453629 0.03359357640147209 6.708958484717223 1.6075139080858796 32.44798184230196 2.653476970828356
Vegetation 0.0 0 -10 27 197 29 197 0.004732438363134861 0.11645852774381638 0.044408638030290604 -29.28217713435628 1.5602457863934995 31.782668125183704 2.337275060913286
Vegetation 0.0 0 -10 41 197 43 197 0.0037988319527357817 0.0934838056564331 0.035647787153720856 -28.326095148342755 1.5620109035504968 32.13614093058196 2.5949913567081526
Vegetation 0.0 0 -10 453 197 454 197 0.004249526187777519 0.10457474738359451 0.03987704962491989 8.597612900557031 1.6035338784077502 33.020689566722524 2.197548785633834
Vegetation 0.0 0 -10 249 197 249 197 0.003955895081162453 0.0973488986492157 0.037121646106243134 -10.044773101457096 1.5832555616135708 32.65963803966586 0.13216293107314003
Vegetation 0.0 0 -10 243 197 244 197 0.0045756869949400425 0.11260110884904861 0.04293770715594292 -10.520664842176577 1.583062294883746 32.652467744782385 2.117017524009955
Vegetation 0.0 0 -10 684 301 694 304 0.0035149140749126673 0.0864969938993454 0.03298353776335716 4.2760605198191595 1.5992839516217006 4.672360488017457 0.13155288409118704
Vegetation 0.0 0 -10 606 268 612 270 0.004743135068565607 0.11672177165746689 0.04450901970267296 4.458171850298741 1.5957854285586155 6.438733484577952 3.035093157847904
Vegetation 0.0 0 -10 40 197 41 197 0.003578896401450038 0.08807151764631271 0.03358393907546997 -28.798220243985547 1.5605525873330297 32.50294514375595 2.9943305478870417
Vegetation 0.0 0 -10 59 197 60 197 0.004052274394780397 0.09972062706947327 0.038026049733161926 -27.25230623486016 1.5581441900898216 32.71590498994667 2.609151650540213
Static 0.0 1 -10 258 182 267 192 1.1810814142227173 1.5732090473175049 0.6170762777328491 -10.831905123769353 1.4483366920209497 41.33758070012571 0.0035441347786768773
Static 0.25 1 -10 691 192 739 258 1.2140138149261475 0.5437172055244446 0.37456512451171875 6.79382248602006 1.45350261849848 6.900512395632823 0.0035398737209333397
Dynamic 0.0 0 -10 427 205 431 205 0.006991219241172075 0.1307445913553238 0.20472268760204315 4.404821659890147 1.6029204033799167 22.786021410172168 1.119538327466965
Dynamic 0.0 0 -10 213 212 218 213 0.007989105768501759 0.1494063287973404 0.2339436262845993 -6.9743106038022225 1.586926236949252 17.44492540858825 2.3433674413810053
Dynamic 0.0 0 -10 76 202 78 203 0.004684074781835079 0.13681088387966156 0.11198262125253677 -19.377365523995707 1.5720871064729989 24.69347613662199 2.0638811352552855
Dynamic 0.0 0 -10 90 204 106 205 0.006163642276078463 0.4614904224872589 0.626159131526947 -16.30967384231218 1.575666030770989 22.440726010680677 2.212902974582577
Dynamic 0.0 0 -10 239 205 250 206 0.0323525071144104 0.3965955674648285 0.5594884753227234 -6.815348231277974 1.5879384227306907 21.49343353585821 1.2822819711528353
Other 0.0 1 -10 268 143 321 242 11.27211856842041 0.2000013142824173 6.0 -7.431171452648402 1.5293438296235589 41.107522153215584 0.036673411411423995
Poles 0.0 0 -10 250 118 266 193 7.831791877746582 2.0227575302124023 1.1424229145050049 -10.635053130254827 1.4421874166594122 38.24365493237805 0.0035398737209333397
Buildings 0.0 1 -10 356 180 366 191 1.0922385454177856 5.679421424865723 0.8985499143600464 -0.011900657032632905 0.5479292263588413 36.043049800428385 1.5743381978866475
Buildings 0.0 0 -10 221 189 249 196 0.5343983769416809 3.844456911087036 1.3572403192520142 -11.037465311316458 1.435863198285028 35.93256665284821 1.577017071627158
Buildings 0.0 0 -10 177 188 210 196 0.5343983769416809 3.844456911087036 1.3572403192520142 -14.891725460913063 1.4308000832262522 35.90858861054226 1.577017071627158
Buildings 0.0 0 -10 134 188 171 196 0.5343983769416809 3.844456911087036 1.3572403192520142 -18.74597799467459 1.425736978925058 35.88461440991713 1.577017071627158
Buildings 0.0 0 -10 90 188 133 195 0.5343983769416809 3.844456911087036 1.3572403192520142 -22.6002381307664 1.4206738631268556 35.860632552937986 1.577017071627158
Buildings 0.0 0 -10 47 188 94 195 0.5343983769416809 3.844456911087036 1.3572403192520142 -26.45449065102313 1.415610758086235 35.836654537639674 1.577017071627158
Buildings 0.0 0 -10 3 188 55 195 0.5343983769416809 3.844456911087036 1.3572403192520142 -30.308743184784642 1.410547653785041 35.812680337014534 1.577017071627158
Buildings 0.5 1 -10 -40 188 16 195 0.5343983769416809 3.844456911087036 1.3572403192520142 -34.162995705041375 1.4054845487444203 35.788702321716215 1.577017071627158
Buildings 0.0 0 -10 301 188 320 195 0.5343983769416809 3.93121075630188 1.357240080833435 -4.100782811577794 1.445191526186043 37.06405133167037 1.5777110914072328
Buildings 0.0 1 -10 343 188 358 195 0.5343983769416809 3.93121075630188 1.357240080833435 -0.15956632335920265 1.4503694134708802 37.09130504969021 1.5777110914072328
Buildings 0.0 1 -10 383 188 401 195 0.5343983769416809 3.93121075630188 1.357240080833435 3.7816425490242955 1.4555472899981359 37.11855492602925 1.5777110914072328
Buildings 0.0 1 -10 421 188 444 195 0.5343983769416809 3.93121075630188 1.357240080833435 7.722855222572941 1.4607251722738956 37.145808630545275 1.5777110914072328
Buildings 0.0 1 -10 459 189 486 195 0.5343983769416809 3.93121075630188 1.357240080833435 11.664071710791525 1.4659030595587328 37.173062348565125 1.5777110914072328
Buildings 0.0 1 -10 497 189 529 195 0.5343983769416809 3.93121075630188 1.357240080833435 15.605280569670226 1.4710809368254152 37.200316039577345 1.5777110914072328
Buildings 0.0 1 -10 535 189 571 195 0.5343983769416809 3.93121075630188 1.357240080833435 19.546489455558522 1.4762588126132443 37.22756210124319 1.5777110914072328
Buildings 0.0 2 -10 239 187 264 193 0.5343983769416809 4.815677165985107 1.3572405576705933 -12.418066967474648 1.4343145115616909 37.25416085182124 0.013186446561634924
Static 0.0 0 -10 310 179 323 194 1.539616346359253 0.5544705986976624 1.218040108680725 -4.418302171267049 1.4562574482190265 37.01382963596127 1.574334868935285
Buildings 0.0 1 -10 455 189 468 192 0.14622879028320312 3.43853497505188 0.31602415442466736 9.896999561818268 1.1358796093322698 35.79444444902377 1.5743381978866475
Buildings 0.0 1 -10 503 189 521 192 0.14622879028320312 3.43853497505188 0.31602415442466736 14.896963749150101 1.14244510759507 35.812144169437474 1.5743381978866475
Buildings 0.0 1 -10 551 189 574 192 0.14622879028320312 3.43853497505188 0.31602415442466736 19.89692793648194 1.1490106058578697 35.829843889851176 1.5743381978866475
Buildings 0.0 1 -10 222 189 238 191 0.14622879028320312 3.43853497505188 0.31602415442466736 -13.012353033459545 1.0856734824039822 35.945323134234854 1.5743381978866475
Buildings 0.0 1 -10 169 188 190 191 0.14622879028320312 3.43853497505188 0.31602415442466736 -18.012295950735584 1.0791068195446758 35.92161530355215 1.5743381978866475
Buildings 0.0 1 -10 116 188 141 191 0.14622879028320312 3.43853497505188 0.31602415442466736 -23.012104414249347 1.072532794956595 35.8599285866229 1.5743381978866475
Buildings 0.0 1 -10 63 188 93 191 0.14622879028320312 3.43853497505188 0.31602415442466736 -28.012091667775035 1.0659685596340067 35.84874432801204 1.5743381978866475
Buildings 0.0 1 -10 10 188 45 191 0.14622879028320312 3.43853497505188 0.31602415442466736 -33.01198608932385 1.0593992414946654 35.81133800591598 1.5743381978866475
Buildings 0.0 1 -10 407 189 415 191 0.14622879028320312 3.43853497505188 0.31602415442466736 4.897035374486434 1.12931411106947 35.77674472861007 1.5743381978866475
Static 0.0 0 -10 250 185 252 194 0.851444661617279 0.16895927488803864 0.16896165907382965 -10.868312602392482 1.4361210983602994 36.11345297712987 0.0035398737209333397
Static 0.0 0 -10 255 185 257 193 0.851444661617279 0.16895927488803864 0.16896165907382965 -10.87442750710157 1.436455906915976 37.84071792269022 0.0035398737209333397
Static 0.0 0 -10 260 185 262 193 0.851444661617279 0.16895927488803864 0.16896165907382965 -10.881126021627471 1.4368226697815132 39.732833970012706 0.0035398737209333397
Static 0.0 1 -10 321 185 322 192 0.851444661617279 0.16895927488803864 0.16896165907382965 -4.391859518303248 1.4457504722544683 41.80478015916323 0.0035398737209333397
Static 0.0 1 -10 274 184 275 191 0.851444661617279 0.16895927488803864 0.16896165907382965 -10.510841738735826 1.438272499438612 44.588983769598975 0.0035398737209333397
Static 0.0 0 -10 315 185 317 194 0.851444661617279 0.16895927488803864 0.16896165907382965 -4.371804151028755 1.453634641307818 36.13644867727484 0.0035398737209333397
Poles 0.0 0 -10 648 107 656 109 0.10929809510707855 0.4117761254310608 0.2957368493080139 24.817866949030602 1.4825148832849406 33.88551827143732 0.0035313041550875113
Poles 0.0 2 -10 619 105 658 197 7.753437519073486 3.833437442779541 0.439208060503006 24.817866949030602 1.4825148832849406 33.88551827143732 0.0035313041550875113
Other 0.0 0 -10 611 123 637 159 3.052478551864624 0.21492932736873627 3.0425829887390137 24.817866949030602 1.4825148832849406 33.88551827143732 0.0035313041550875113
Poles 0.0 0 -10 648 107 656 109 0.10813476145267487 0.40739011764526367 0.29258644580841064 24.817866949030602 1.4825148832849406 33.88551827143732 0.0035313041550875113
Poles 0.0 0 -10 408 104 420 197 7.753437519073486 3.833437442779541 0.439208060503006 4.8180140143731975 1.4562528952428189 33.81471940328633 0.0035313041550875113
Poles 0.0 0 -10 415 107 419 109 0.10929809510707855 0.4117761254310608 0.2957368493080139 4.8180140143731975 1.4562528952428189 33.81471940328633 0.0035313041550875113
Poles 0.0 0 -10 415 107 419 109 0.10813476145267487 0.40739011764526367 0.29258644580841064 4.8180140143731975 1.4562528952428189 33.81471940328633 0.0035313041550875113
Poles 0.0 0 -10 176 104 201 197 7.753437519073486 3.833437442779541 0.439208060503006 -15.181846549624083 1.4299908971825417 33.7439205081277 0.0035313041550875113
Poles 0.0 0 -10 177 106 183 108 0.10929809510707855 0.4117761254310608 0.2957368493080139 -15.181846549624083 1.4299908971825417 33.7439205081277 0.0035313041550875113
Poles 0.0 0 -10 177 106 183 108 0.10813476145267487 0.40739011764526367 0.29258644580841064 -15.181846549624083 1.4299908971825417 33.7439205081277 0.0035313041550875113
Car 0.0 0 -10 576 175 675 207 1.8548461198806763 4.6045098304748535 1.9315929412841797 16.129820391567087 1.619694194836528 21.956214454165746 1.577182453930852
Car 0.0 0 -10 674 180 719 212 1.6123536825180054 1.5093227624893188 0.8659406304359436 17.267492096504704 1.6190883397583342 18.467449175956453 1.5721139257442132