Buildings 0.0 0 -10 234 124 259 142 1.0922385454177856 5.679421424865723 0.8985499143600464 -10.208151921781457 -4.106515060972573 32.32821640467516 1.6498891485349962
Vegetation 0.0 0 -10 110 158 135 185 2.128873348236084 1.699960470199585 1.1223511695861816 -19.109067485333107 0.2969901987360055 29.097267106782724 1.7018190587368331
Vegetation 0.0 0 -10 126 158 153 185 2.128873348236084 1.6999601125717163 1.1223511695861816 -17.868198691252484 0.29429525006979373 29.228315548079483 1.6145524629790617
Vegetation 0.0 0 -10 141 158 167 185 2.128873348236084 1.6999601125717163 1.1223511695861816 -16.66541155648201 0.2937559989993077 29.289727973404386 1.6145524629790617
Vegetation 0.0 0 -10 574 159 600 184 2.128873348236084 1.699960470199585 1.1223511695861816 20.34003030244732 0.24574927373302735 32.17378238015205 1.7018190587368331
Vegetation 0.0 0 -10 170 158 194 185 2.128873348236084 1.6999601125717163 1.1223511695861816 -14.507698611871046 0.2908674968062912 29.460654232172324 1.6145524629790617
Vegetation 0.0 0 -10 157 158 180 185 2.128873348236084 1.699960470199585 1.1223511695861816 -15.59242793456291 0.29060450109766656 29.429010410893287 1.7018190587368331
Vegetation 0.0 1 -10 581 159 622 184 2.128873348236084 2.7624428272247314 1.4924523830413818 22.073007675583604 0.22788013630573634 32.80264440368592 1.9636171149554373
Vegetation 0.0 2 -10 582 161 615 181 2.128873348236084 2.7624430656433105 1.4924525022506714 26.088047118452945 0.020695736208589555 39.51035242576805 0.13102192883241992
Vegetation 0.0 1 -10 601 161 622 182 2.128873348236084 2.7624430656433105 1.4924525022506714 25.991184223682307 0.09477064742783847 37.16144041274242 2.836282340163847
Vegetation 0.0 1 -10 607 160 629 183 2.128873348236084 2.7624430656433105 1.4924525022506714 25.24603397188356 0.1564573147738142 35.18088521667504 2.836282340163847
Vegetation 0.0 1 -10 596 160 633 183 2.128873348236084 2.7624430656433105 1.4924525022506714 24.04879712092547 0.1965786583087974 33.86647593906285 2.0508831780809906
Vegetation 0.0 0 -10 526 159 549 184 2.128873348236084 1.6999601125717163 1.1223511695861816 15.747420037177303 0.24929445945990514 31.891223957546302 1.6145524629790617
Vegetation 0.0 0 -10 539 159 562 184 2.128873348236084 1.6999601125717163 1.1223511695861816 16.950203369167138 0.24875521348015228 31.9526360816286 1.6145524629790617
Vegetation 0.0 0 -10 562 159 586 184 2.128873348236084 1.6999601125717163 1.1223511695861816 19.1079163137781 0.24586671128713533 32.12356234039654 1.6145524629790617
Vegetation 0.0 1 -10 549 159 574 184 2.128873348236084 1.699960470199585 1.1223511695861816 18.023186991086238 0.24560371557851113 32.0919185191175 1.7018190587368331
Vegetation 0.0 0 -10 500 159 522 184 2.128873348236084 1.6999601125717163 1.1223511695861816 13.30985420440885 0.2535914108527817 31.665377481037098 1.6145524629790617
Vegetation 0.0 0 -10 512 159 536 184 2.128873348236084 1.699960470199585 1.1223511695861816 14.506551243096673 0.25198940812611736 31.760175516249543 1.7018190587368331
Vegetation 0.0 1 -10 490 159 507 184 2.128873348236084 1.6999601125717163 1.1223512887954712 12.179123572698115 0.253569376095359 31.624429003280603 1.5272860003793454
Vegetation 0.0 0 -10 474 159 496 184 2.128873348236084 1.699960470199585 1.1223511695861816 10.931867462627707 0.25659576525659 31.48267019090665 1.7018190587368331
Vegetation 0.0 1 -10 460 159 481 184 2.128873348236084 1.699960470199585 1.1223511695861816 9.694386275866282 0.2567533725294959 31.432140882879168 1.7018190587368331
Vegetation 0.0 0 -10 436 159 454 184 2.128873348236084 1.6999601125717163 1.1223511695861816 7.4186193219573475 0.2604441164108904 31.231446321307967 1.6145524629790617
Vegetation 0.0 0 -10 450 159 468 184 2.128873348236084 1.6999601125717163 1.1223511695861816 8.621402653947182 0.2599048704311371 31.292858445390266 1.6145524629790617
Vegetation 0.0 0 -10 421 159 441 184 2.128873348236084 1.699960470199585 1.1223511695861816 6.177750527876717 0.26313906507710216 31.100397880011208 1.7018190587368331
Vegetation 0.0 1 -10 397 159 411 184 2.128873348236084 1.6999601125717163 1.1223512887954712 3.85032285747816 0.26471903304634425 30.96465136704227 1.5272860003793454
Vegetation 0.0 0 -10 409 159 426 184 2.128873348236084 1.6999601125717163 1.1223511695861816 4.981049686408261 0.26474107289449966 31.00559954355616 1.6145524629790617
Vegetation 0.0 1 -10 381 159 399 184 2.128873348236084 1.699960470199585 1.1223511695861816 2.603062944627111 0.2677454272983084 30.822892253425714 1.7018190587368331
Vegetation 0.0 1 -10 368 159 386 184 2.128873348236084 1.699960470199585 1.1223511695861816 1.4927126181090005 0.26764622437937025 30.78243105106007 1.7018190587368331
Vegetation 0.0 0 -10 358 159 371 184 2.128873348236084 1.6999601125717163 1.1223511695861816 0.41972899618990045 0.27079772228101096 30.643148613571167 1.6145524629790617
Vegetation 0.0 1 -10 343 159 357 184 2.128873348236084 1.6999601125717163 1.1223511695861816 -0.7830505330192938 0.2713369631700311 30.58173679073148 1.6145524629790617
Vegetation 0.0 1 -10 328 158 343 184 2.128873348236084 1.699960470199585 1.1223511695861816 -2.023919327099917 0.27403191183624287 30.450688349434714 1.7018190587368331
Vegetation 0.0 1 -10 313 158 329 184 2.128873348236084 1.6999601125717163 1.1223511695861816 -3.220623971349027 0.27563392474437354 30.355889711737056 1.6145524629790617
Vegetation 0.0 1 -10 298 158 317 184 2.128873348236084 1.6999601125717163 1.1223512887954712 -4.3513469974984815 0.27561187980548496 30.31494183646577 1.5272860003793454
Vegetation 0.0 1 -10 286 158 300 185 2.128873348236084 1.699960470199585 1.1223511695861816 -5.598606910349537 0.2786382740574487 30.173182722849216 1.7018190587368331
Vegetation 0.0 0 -10 93 158 122 185 2.128873348236084 1.6999601125717163 1.1223511695861816 -20.305764524020937 0.2985922014626703 29.002469071570275 1.6145524629790617
Vegetation 0.0 0 -10 77 158 109 185 2.128873348236084 1.6999601125717163 1.1223512887954712 -21.43648755017039 0.2985701565237817 28.96152119629899 1.5272860003793454
Vegetation 0.0 0 -10 61 158 90 185 2.128873348236084 1.699960470199585 1.1223511695861816 -22.683739857460168 0.30159654059428 28.819762685167643 1.7018190587368331
Vegetation 0.0 0 -10 45 158 75 185 2.128873348236084 1.699960470199585 1.1223511695861816 -23.921232452563505 0.3017541631393845 28.769232473412348 1.7018190587368331
Vegetation 0.25 1 -10 -4 157 29 185 2.128873348236084 1.699960470199585 1.1223511695861816 -27.437864397772422 0.30813985059625804 28.437489771786993 1.7018190587368331
Vegetation 0.0 0 -10 12 157 46 185 2.128873348236084 1.6999601125717163 1.1223511695861816 -26.1969956036918 0.30544490193004625 28.56853821308375 1.6145524629790617
Vegetation 0.0 0 -10 28 157 62 185 2.128873348236084 1.6999601125717163 1.1223511695861816 -24.994208468921325 0.30490565085956023 28.629950638408655 1.6145524629790617
Vegetation 0.0 1 -10 271 122 344 186 5.343840599060059 5.816871643066406 5.75336217880249 -4.35312394059012 0.4091271349727075 32.782575742741166 0.042024694485018
Vegetation 0.0 1 -10 117 119 220 187 5.343840599060059 5.816871643066406 5.75336217880249 -16.060603383717286 0.44475557424842727 31.223296401199004 0.042024694485018
Vegetation 0.0 0 -10 285 190 286 190 0.001092784688808024 0.11688368767499924 0.04548712447285652 -5.377693565672384 0.768229240806334 26.10816268220886 0.17352971241680049
Vegetation 0.0 0 -10 442 189 443 189 0.0009666404803283513 0.1033913716673851 0.04023637995123863 6.316497993580855 0.7342616355055582 27.47276952263218 1.7505298729710361
Vegetation 0.0 0 -10 132 190 134 190 0.000878161343280226 0.09392766654491425 0.036553431302309036 -16.1558370281869 0.7657335866390871 25.654702502914972 2.3882448349631216
Vegetation 0.0 0 -10 274 190 276 190 0.000794186897110194 0.08494579792022705 0.03305799886584282 -6.142728516150451 0.7640647944307122 26.220300787719058 1.0579009287756804
Vegetation 0.0 0 -10 289 190 290 190 0.0009349796455353498 0.10000494867563248 0.03891850262880325 -5.103675418087599 0.7608696321850614 26.31354167667567 0.022165756068838506
Vegetation 0.0 0 -10 191 190 192 190 0.0009188437252305448 0.09827906638383865 0.038246847689151764 -12.08123118521453 0.7629876749193318 25.926674601219645 1.177065869385012
Vegetation 0.0 0 -10 139 186 140 186 0.0009415540844202042 0.10070814937353134 0.039192162454128265 -17.190318151079634 0.5376280850294664 28.119488375938957 1.0485001032857548
Vegetation 0.0 0 -10 171 186 173 186 0.0009333073976449668 0.09982607513666153 0.038848888128995895 -14.970704805091774 0.5233057189491217 28.69656770672236 2.7768708780906786
Vegetation 0.0 0 -10 142 186 143 186 0.0010689229238778353 0.08141430467367172 0.044863954186439514 -16.997500482850363 0.5350830678968257 28.220787089831422 2.1398645832646634
Vegetation 0.0 0 -10 161 186 163 186 0.004663063678890467 0.11475131660699844 0.04375763610005379 -15.651937302193183 0.5276217581797149 28.486757867771875 2.6189607386252476
Vegetation 0.0 0 -10 165 186 166 186 0.003954779822379351 0.09732147306203842 0.03711118549108505 -15.416755243036068 0.5267147077695902 28.564758128436694 1.9256771894339506
Vegetation 0.0 0 -10 443 190 444 190 0.0008050628821365535 0.06131744757294655 0.03378942981362343 6.266242602035085 0.7563855967119844 26.902935684274958 2.9375590940472254
Vegetation 0.0 0 -10 421 189 422 190 0.0007945214747451246 0.06051457300782204 0.0333469994366169 4.666811416367799 0.7513360684114267 27.010406958412574 1.024627394116231
Vegetation 0.0 0 -10 198 190 199 190 0.0009675428736954927 0.07369271665811539 0.04060891643166542 -11.509382645661791 0.7734813114342409 25.687137191266245 2.3414933083428897
Vegetation 0.0 0 -10 438 189 439 189 0.0008246314828284085 0.06280789524316788 0.034610748291015625 5.992555233784419 0.7368373755461661 27.40278738052233 1.0108260943991128
Vegetation 0.0 0 -10 436 189 437 190 0.004708158317953348 0.11586104333400726 0.04418080300092697 5.759426649174609 0.7547510957677415 26.932072614993658 0.7284637740331892
Vegetation 0.0 0 -10 419 190 420 190 0.0035799231845885515 0.08809677511453629 0.03359357640147209 4.455371016331728 0.7548893435335267 26.881136020695717 2.7290279214767046
Vegetation 0.0 0 -10 441 189 442 189 0.004249526187777519 0.10457474738359451 0.03987704962491989 6.295436302819197 0.7279329355455866 27.59419875437748 2.273099736282183
Vegetation 0.0 0 -10 188 190 189 190 0.003955895081162453 0.0973488986492157 0.037121646106243134 -12.266586036829228 0.7663827798888221 25.82808470664886 0.2077138817214892
Vegetation 0.0 0 -10 181 190 182 190 0.0045756869949400425 0.11260110884904861 0.04293770715594292 -12.740580644918412 0.7676235233912743 25.785050280620094 2.1925684746583043
Static 0.0 1 -10 207 171 219 184 1.1810814142227173 1.5732090473175049 0.6170762777328491 -13.70617426450557 0.35787984454382693 34.41325710460525 0.07909508542702604
Dynamic 0.0 0 -10 417 201 423 202 0.006991219241172075 0.1307445913553238 0.20472268760204315 2.886718060054123 1.0630421053315218 17.07772214669181 1.1950892781153142
Dynamic 0.0 0 -10 87 220 98 221 0.007989105768501759 0.1494063287973404 0.2339436262845993 -8.057044370614769 1.2455520513843699 10.896058550507213 2.4189183920293544
Dynamic 0.0 0 -10 152 205 169 207 0.0323525071144104 0.3965955674648285 0.5594884753227234 -8.203962611603203 1.1175633657805144 14.9429985337439 1.3578329218011842
Other 0.0 1 -10 219 124 284 243 11.27211856842041 0.2000013142824173 6.0 -10.297765447658616 0.43753426248914407 34.44296574787194 0.11222436205977271
Poles 0.0 0 -10 193 91 216 185 7.831791877746582 2.0227575302124023 1.1424229145050049 -13.276471989575327 0.44951072494861855 31.344360627133025 0.07909082436928205
Buildings 0.0 1 -10 325 168 337 183 1.0922385454177856 5.679421424865723 0.8985499143600464 -2.517692823056457 -0.40131752091441886 29.923626126852906 1.6498891485349962
Buildings 0.0 0 -10 151 179 192 189 0.5343983769416809 3.844456911087036 1.3572403192520142 -13.503384964225587 0.5176194176110331 29.010484732159966 1.6525680222755073
Buildings 0.0 0 -10 92 179 142 189 0.5343983769416809 3.844456911087036 1.3572403192520142 -17.3448527923208 0.5230891874448802 28.695816243387323 1.6525680222755073
Buildings 0.0 0 -10 32 179 91 189 0.5343983769416809 3.844456911087036 1.3572403192520142 -21.186313316107704 0.5285588267006465 28.381152157977002 1.6525680222755073
Buildings 0.5 2 -10 -29 179 38 189 0.5343983769416809 3.844456911087036 1.3572403192520142 -25.027780842949973 0.5340287169311093 28.06647986832725 1.6525680222755073
Buildings 0.0 0 -10 256 179 281 188 0.5343983769416809 3.93121075630188 1.357240080833435 -6.6718312082116205 0.47342123657890856 30.661492502420092 1.653262042055581
Buildings 0.0 1 -10 309 179 328 187 0.5343983769416809 3.93121075630188 1.357240080833435 -2.743901961952057 0.46774173965023724 30.985985802481473 1.653262042055581
Buildings 0.0 1 -10 358 179 380 187 0.5343983769416809 3.93121075630188 1.357240080833435 1.1840199799992046 0.4620623732996467 31.31047469918053 1.653262042055581
Buildings 0.0 1 -10 402 179 430 187 0.5343983769416809 3.93121075630188 1.357240080833435 5.111945423478135 0.45638288146170813 31.634967697999308 1.653262042055581
Buildings 0.0 1 -10 446 179 480 187 0.5343983769416809 3.93121075630188 1.357240080833435 9.039874669737713 0.4507033845330364 31.95946099806069 1.653262042055581
Buildings 0.0 1 -10 489 179 528 187 0.5343983769416809 3.93121075630188 1.357240080833435 12.967796310436011 0.44502389778583096 32.28395369563685 1.653262042055581
Buildings 0.0 1 -10 532 178 576 187 0.5343983769416809 3.93121075630188 1.357240080833435 16.895718553640222 0.4393446518318562 32.60843879145881 1.653262042055581
Buildings 0.0 2 -10 181 177 215 185 0.5343983769416809 4.815677165985107 1.3572405576705933 -14.979756094525511 0.4775913384633079 30.22349776296788 0.08873739720998364
Static 0.0 0 -10 269 167 285 185 1.539616346359253 0.5544705986976624 1.218040108680725 -6.98465541086152 0.4868815465081413 30.587851131158807 1.6498858195836332
Buildings 0.0 1 -10 441 179 458 182 0.14622879028320312 3.43853497505188 0.31602415442466736 7.38180091536876 0.16911682085041324 30.441716865946926 1.6498891485349962
Buildings 0.0 1 -10 495 179 518 182 0.14622879028320312 3.43853497505188 0.31602415442466736 12.36618155202358 0.16244429546386163 30.836561572526918 1.6498891485349962
Buildings 0.0 1 -10 548 179 577 182 0.14622879028320312 3.43853497505188 0.31602415442466736 17.350562188678392 0.15577177007731002 31.231406279106906 1.6498891485349962
Buildings 0.0 1 -10 155 179 179 183 0.14622879028320312 3.43853497505188 0.31602415442466736 -15.473652819402048 0.17220769916803436 28.863133968532654 1.6498891485349962
Buildings 0.0 1 -10 85 179 117 183 0.14622879028320312 3.43853497505188 0.31602415442466736 -20.457558982650355 0.17906984922401703 28.462302880505227 1.6498891485349962
Buildings 0.0 1 -10 12 179 53 183 0.14622879028320312 3.43853497505188 0.31602415442466736 -25.4384658714636 0.18713066798403588 28.023630259975832 1.6498891485349962
Static 0.0 1 -10 281 174 283 184 0.851444661617279 0.16895927488803864 0.16896165907382965 -7.157918700374661 0.3888001525216076 33.32284449962758 0.07909082436928205
Static 0.0 0 -10 193 175 196 186 0.851444661617279 0.16895927488803864 0.16896165907382965 -13.348360714046281 0.511702764645309 29.203526293557715 0.07909082436928205
Static 0.0 0 -10 201 175 204 185 0.851444661617279 0.16895927488803864 0.16896165907382965 -13.484766546491509 0.45718777912459885 30.924544444344598 0.07909082436928205
Static 0.0 0 -10 209 175 211 184 0.851444661617279 0.16895927488803864 0.16896165907382965 -13.634191025452534 0.3974698538645418 32.80981749941765 0.07909082436928205
Static 0.0 0 -10 228 174 230 182 0.851444661617279 0.16895927488803864 0.16896165907382965 -13.631319671405603 0.24372893146330998 37.67763637700128 0.07909082436928205
Static 0.0 0 -10 275 175 277 186 0.851444661617279 0.16895927488803864 0.16896165907382965 -6.872098833293427 0.5120114918820282 29.71683686672653 0.07909082436928205
Poles 0.0 0 -10 608 116 613 117 0.10929809510707855 0.4117761254310608 0.2957368493080139 29.621153261970676 0.24919773733726647 39.09721439634984 1.6498786290486906
Poles 0.0 2 -10 605 110 638 182 7.753437519073486 3.833437442779541 0.439208060503006 29.621153261970676 0.24919773733726647 39.09721439634984 1.6498786290486906
Other 0.0 1 -10 621 119 647 150 3.052478551864624 0.21492932736873627 3.0425829887390137 29.621153261970676 0.24919773733726647 39.09721439634984 1.6498786290486906
Poles 0.0 0 -10 608 116 613 117 0.10813476145267487 0.40739011764526367 0.29258644580841064 29.621153261970676 0.24919773733726647 39.09721439634984 1.6498786290486906
Poles 0.0 0 -10 667 83 677 86 0.10929809510707855 0.4117761254310608 0.2957368493080139 22.404204891786133 0.5383943916063902 29.675269253698083 0.07908225480343667
Poles 0.0 1 -10 627 80 679 189 7.753437519073486 3.833437442779541 0.439208060503006 22.404204891786133 0.5383943916063902 29.675269253698083 0.07908225480343667
Other 0.0 0 -10 617 103 651 145 3.052478551864624 0.21492932736873627 3.0425829887390137 22.404204891786133 0.5383943916063902 29.675269253698083 0.07908225480343667
Poles 0.0 0 -10 667 83 676 86 0.10813476145267487 0.40739011764526367 0.29258644580841064 22.404204891786133 0.5383943916063902 29.675269253698083 0.07908225480343667
Poles 0.0 0 -10 388 74 404 189 7.753437519073486 3.833437442779541 0.439208060503006 2.4666861479475095 0.565084488061864 28.095890728620724 0.07908225480343667
Poles 0.0 0 -10 397 77 402 80 0.10929809510707855 0.4117761254310608 0.2957368493080139 2.4666861479475095 0.565084488061864 28.095890728620724 0.07908225480343667
Poles 0.0 0 -10 397 77 402 80 0.10813476145267487 0.40739011764526367 0.29258644580841064 2.4666861479475095 0.565084488061864 28.095890728620724 0.07908225480343667
Poles 0.0 0 -10 83 68 127 191 7.753437519073486 3.833437442779541 0.439208060503006 -17.470840201452386 0.5917745946988031 26.51651160105816 0.07908225480343667
Poles 0.0 0 -10 85 71 95 74 0.10929809510707855 0.4117761254310608 0.2957368493080139 -17.470840201452386 0.5917745946988031 26.51651160105816 0.07908225480343667
Poles 0.0 0 -10 85 71 94 74 0.10813476145267487 0.40739011764526367 0.29258644580841064 -17.470840201452386 0.5917745946988031 26.51651160105816 0.07908225480343667
Car 0.25 0 -10 605 162 734 204 1.8548461198806763 4.6045098304748535 1.9315929412841797 14.640906928826057 1.0764483424826294 17.135294294800364 1.6527334045792008