Walls 0.5 1 -10 -38 169 31 196 2.4378907680511475 0.570076584815979 5.878440856933594 -36.808109414298514 1.5020585742624861 33.53071270603295 1.5795468390353948
Buildings 0.375 2 -10 503 -38 830 203 15.731799125671387 15.422616958618164 15.112236022949219 16.128600787527365 1.524644218464039 38.35728985444672 0.005577488959723323
Motorcycle 0.0 0 -10 299 181 313 192 1.2511454820632935 2.2094459533691406 0.8670341968536377 -6.767594232648257 1.5102840057669784 45.58442094665323 2.972636718007379
Motorcycle 0.0 0 -10 305 182 318 192 1.2356280088424683 1.8046668767929077 0.8556876182556152 -5.890979386061558 1.511068354336847 44.063491576076295 2.9726377499823013
Motorcycle 0.0 0 -10 311 181 325 192 1.2765705585479736 2.3557403087615967 0.763678789138794 -4.930223031086038 1.5214909566746682 43.13291481735922 2.9726262983896143
Poles 0.0 0 -10 469 99 489 200 7.608907699584961 1.1106011867523193 1.1126819849014282 8.396345177565948 1.515514400800129 -7.113763138441293 0.005577488959723323
Poles 0.0 0 -10 91 97 113 200 7.608908653259277 0.8452807664871216 1.1107103824615479 -35.84274799982992 1.515896633223459 17.813730077402354 0.005577488959723323
Dynamic 0.0 0 -10 462 245 474 247 0.008050979115068913 0.15056343376636505 0.23575544357299805 2.660722336952859 1.6312376007862586 8.767352956608732 2.7715385279078104
Dynamic 0.0 0 -10 222 210 225 210 0.004393888637423515 0.12833522260189056 0.10504510998725891 -7.195681080967976 1.6313889977572016 19.029883577137397 3.101699321775125
Dynamic 0.0 0 -10 217 196 221 196 0.02052634209394455 0.20424965023994446 0.2891351878643036 -13.804846955799931 1.631622734508075 35.31075648911459 0.38554642762127334
Dynamic 0.0 0 -10 416 270 468 284 0.006656053476035595 0.49835872650146484 0.6761828660964966 1.4361020508920248 1.6312005097607316 6.068399248021741 2.692497238334804
Poles 0.0 1 -10 24 117 72 194 7.753437519073486 3.833437442779541 0.439208060503006 -33.55678404041794 1.4822436274645956 36.30741998163477 2.7980921747676906
Other 0.0 0 -10 6 127 47 160 3.052478551864624 0.21492932736873627 3.0425829887390137 -33.55678404041794 1.4822436274645956 36.30741998163477 2.7980921747676906
Poles 0.0 0 -10 150 110 156 112 0.10929809510707855 0.4117761254310608 0.2957368493080139 -21.158410593534377 1.4821487199612657 30.18973918192566 2.623558517198958
Poles 0.0 0 -10 104 104 157 197 7.753437519073486 3.833437442779541 0.439208060503006 -21.158410593534377 1.4821487199612657 30.18973918192566 2.623558517198958
Other 0.0 0 -10 84 117 129 156 3.052478551864624 0.21492932736873627 3.0425829887390137 -21.158410593534377 1.4821487199612657 30.18973918192566 2.623558517198958
Poles 0.0 0 -10 150 110 155 112 0.10813476145267487 0.40739011764526367 0.29258644580841064 -21.158410593534377 1.4821487199612657 30.18973918192566 2.623558517198958
Poles 0.5 1 -10 -74 -36 53 231 7.753437519073486 3.833437442779541 0.439208060503006 -12.382395738422664 1.4819155756367755 14.060961168459727 1.576361165739442
Other 0.0 0 -10 1 34 76 133 3.052478551864624 0.21492932736873627 3.0425829887390137 -12.382395738422664 1.4819155756367755 14.060961168459727 1.576361165739442
Poles 0.25 0 -10 559 -34 647 230 7.753437519073486 3.833437442779541 0.439208060503006 8.201184602924721 1.4819024946985921 14.175767049255391 1.5763652936391317
Other 0.0 0 -10 545 35 596 133 3.052478551864624 0.21492932736873627 3.0425829887390137 8.201184602924721 1.4819024946985921 14.175767049255391 1.5763652936391317
Poles 0.0 0 -10 411 112 416 114 0.10929809510707855 0.4117761254310608 0.2957368493080139 1.8214598824132138 1.4821872153566376 34.09272659148815 2.187233194998237
Poles 0.0 0 -10 376 110 417 196 7.753437519073486 3.833437442779541 0.439208060503006 1.8214598824132138 1.4821872153566376 34.09272659148815 2.187233194998237
TrafficSigns 0.0 0 -10 379 163 380 171 0.7619999051094055 0.5155503153800964 0.009999999776482582 1.8214598824132138 1.4821872153566376 34.09272659148815 2.187233194998237
Other 0.0 0 -10 363 125 395 159 3.052478551864624 0.21492932736873627 3.0425829887390137 1.8214598824132138 1.4821872153566376 34.09272659148815 2.187233194998237
Poles 0.0 0 -10 411 112 416 114 0.10813476145267487 0.40739011764526367 0.29258644580841064 1.8214598824132138 1.4821872153566376 34.09272659148815 2.187233194998237
Poles 0.0 0 -10 313 132 316 133 0.10929809510707855 0.4117761254310608 0.2957368493080139 -9.127101955080104 1.4823722219463134 46.16794241544458 2.449033914377931
Poles 0.0 0 -10 287 130 317 191 7.753437519073486 3.833437442779541 0.439208060503006 -9.127101955080104 1.4823722219463134 46.16794241544458 2.449033914377931
TrafficSigns 0.0 0 -10 289 168 289 174 0.7619999051094055 0.5155503153800964 0.009999999776482582 -9.127101955080104 1.4823722219463134 46.16794241544458 2.449033914377931
Other 0.0 0 -10 276 140 300 164 3.052478551864624 0.21492932736873627 3.0425829887390137 -9.127101955080104 1.4823722219463134 46.16794241544458 2.449033914377931
Poles 0.0 0 -10 313 132 316 133 0.10813476145267487 0.40739011764526367 0.29258644580841064 -9.127101955080104 1.4823722219463134 46.16794241544458 2.449033914377931
Poles 0.0 0 -10 433 150 458 193 4.685649871826172 2.0568554401397705 2.300708055496216 9.417460289981268 1.4957462065318965 39.253154025451025 0.005577488959723323
Poles 0.0 0 -10 434 160 458 164 0.32664671540260315 1.9347323179244995 2.178541898727417 9.417460289981268 1.4957462065318965 39.253154025451025 0.005577488959723323
Poles 0.0 0 -10 434 160 458 164 0.3244769275188446 1.9323431253433228 2.1761527061462402 9.417460289981268 1.4957462065318965 39.253154025451025 0.005577488959723323
Pedestrian 0.5 1 -10 -6 172 7 209 1.8600000143051147 0.3753577768802643 0.3753577768802643 -18.410624324252137 1.4757686189721924 18.429489189247917 0.3203319042433081
Pedestrian 0.0 0 -10 414 175 421 198 1.8600000143051147 0.3753577768802643 0.3753577768802643 4.6444411364626745 1.4758985207272086 28.83436280478316 0.3575040404225251
Pedestrian 0.0 0 -10 481 185 491 202 1.100000023841858 0.5 0.5 8.335064576116604 1.4758241939325896 23.73779704740756 0.132704016226874