NONE 0.0 0 -10 253 192 426 193 1.6081226229577292e-16 20.5 2.75 -2.346970570742741 1.6346857102650953 44.02107912256355 1.5835912179360734
TrafficSigns 0.0 0 -10 426 159 436 168 1.0025920867919922 1.0305273532867432 1.0314428806304932 9.070475265105202 1.4102188334959145 46.62243012684065 0.012792893770359193
TrafficLight 0.0 0 -10 424 155 429 167 1.4080413579940796 0.40101560950279236 0.9675487875938416 9.070475265105202 1.4102188334959145 46.62243012684065 0.012792893770359193
TrafficLight 0.0 0 -10 469 148 473 157 1.1868969202041626 0.40101560950279236 0.367499977350235 9.070475265105202 1.4102188334959145 46.62243012684065 0.012792893770359193
Poles 0.0 0 -10 429 127 447 134 0.8008202910423279 0.23537494242191315 2.284640073776245 9.070475265105202 1.4102188334959145 46.62243012684065 0.012792893770359193
TrafficSigns 0.0 0 -10 476 151 486 155 0.44764381647109985 0.06572549045085907 1.2684557437896729 9.070475265105202 1.4102188334959145 46.62243012684065 0.012792893770359193
TrafficLight 0.0 0 -10 425 168 430 172 0.5115880370140076 0.7182742953300476 0.19678111374378204 9.070475265105202 1.4102188334959145 46.62243012684065 0.012792893770359193
TrafficSigns 0.0 1 -10 427 146 432 150 0.4409773647785187 0.6009998321533203 0.16373874247074127 9.070475265105202 1.4102188334959145 46.62243012684065 0.012792893770359193
Poles 0.0 0 -10 412 127 430 134 0.8008202910423279 0.23537494242191315 2.284640073776245 9.070475265105202 1.4102188334959145 46.62243012684065 0.012792893770359193
TrafficSigns 0.0 0 -10 457 151 460 155 0.44764381647109985 0.06509923934936523 1.2684557437896729 9.070475265105202 1.4102188334959145 46.62243012684065 0.012792893770359193
Poles 0.0 1 -10 428 140 483 160 2.5127460956573486 6.859340667724609 1.408475637435913 9.070475265105202 1.4102188334959145 46.62243012684065 0.012792893770359193
TrafficLight 0.0 0 -10 429 181 430 183 0.20139548182487488 0.06343229115009308 0.09999999403953552 9.070475265105202 1.4102188334959145 46.62243012684065 0.012792893770359193
Poles 0.0 1 -10 427 185 432 192 0.8319958448410034 0.5600000023841858 0.5600000023841858 9.070475265105202 1.4102188334959145 46.62243012684065 0.012792893770359193
Poles 0.0 0 -10 429 132 430 186 7.011814594268799 0.20577029883861542 0.20577025413513184 9.070475265105202 1.4102188334959145 46.62243012684065 0.012792893770359193
Buildings 0.25 1 -10 674 161 720 176 1.393420696258545 4.009795665740967 0.5621825456619263 32.80833416181177 -0.38964558458601917 35.3784848030385 0.01668097580382044
Buildings 0.0 1 -10 601 180 646 195 1.393420696258545 3.9378600120544434 0.562182605266571 24.650211271184176 1.4780994851976157 34.093785095186284 0.01635646962499404
Buildings 0.0 1 -10 633 180 685 197 1.393420696258545 3.9378600120544434 0.562182605266571 24.711967098842493 1.4780717900148224 30.176221032855334 0.01635646962499404
Buildings 0.0 1 -10 558 180 599 194 1.393420696258545 3.8981313705444336 0.562182605266571 22.657505304077958 1.478408411708362 36.70115492468112 1.5955831660085913
Buildings 0.0 1 -10 521 180 561 194 1.393420696258545 3.8981313705444336 0.562182605266571 18.7800610434075 1.479003331304968 36.61278010302259 1.5955831660085913
Buildings 0.0 2 -10 483 180 523 194 1.393420696258545 3.8981313705444336 0.562182605266571 14.902624411506793 1.4795982497307307 36.52440537897893 1.5955831660085913
Buildings 0.0 1 -10 478 180 524 195 1.393420696258545 4.150892734527588 0.562182605266571 13.154477384795584 1.4798651722584475 34.36901153624936 0.015866447984419274
Buildings 0.0 1 -10 495 181 547 197 1.393420696258545 4.150892734527588 0.562182605266571 13.217884896364069 1.4798362380101584 30.2394799767438 0.015866447984419274
Buildings 0.0 0 -10 517 181 578 200 1.393420696258545 4.150892734527588 0.562182605266571 13.28130003670229 1.479807302591026 26.109948514853123 0.015866447984419274
Buildings 0.0 0 -10 548 181 621 204 1.393420696258545 4.150892734527588 0.562182605266571 13.344707548270776 1.4797783683427372 21.980416955347565 0.015866447984419274
Buildings 0.0 0 -10 592 181 684 210 1.393420696258545 4.150892734527588 0.562182605266571 13.408122688608998 1.4797494329236052 17.85088549345689 0.015866447984419274
Buildings 0.5 1 -10 663 182 784 219 1.393420696258545 4.150892734527588 0.562182605266571 13.47153778013977 1.4797204975297003 13.72135784595117 0.015866447984419274
Buildings 0.25 2 -10 644 175 766 200 2.002869129180908 3.799999952316284 7.222742557525635 27.751789185727816 1.6300059956855215 35.12556393143984 0.012795956405612596
Buildings 0.0 1 -10 615 175 717 198 2.002869129180908 3.799999952316284 7.222742557525635 27.703169754070203 1.6300311259412725 38.92525587400741 0.012795956405612596
Buildings 0.0 2 -10 487 178 536 192 1.6865689754486084 5.3970208168029785 1.6865689754486084 19.008615077957458 1.4949079170671433 45.22377741910601 1.5835912179360734
Buildings 0.0 1 -10 487 163 502 178 1.8487268686294556 -1.3414502143859863 1.2758464813232422 16.876386194774454 -0.13600123427287314 45.10441449131829 1.5835909516199642
Buildings 0.5 1 -10 706 67 742 153 7.609364032745361 0.2393566071987152 3.1847801208496094 34.811808316782745 -10.149412942736866 34.45172215953817 1.5835912179360734
Vegetation 0.0 2 -10 616 183 644 198 1.3002063035964966 1.6999601125717163 0.9506067633628845 24.07725598016647 1.5901525285825526 32.02135025419741 3.119052856545853
Vegetation 0.0 1 -10 497 183 519 198 1.3002063035964966 1.6999601125717163 0.9506068229675293 13.701329268102114 1.591846050863137 33.14430177793146 3.0317863939461365
Vegetation 0.0 2 -10 502 183 526 199 1.3002063035964966 1.699960470199585 0.9506067633628845 13.760231418572644 1.5918311776660137 31.890409486710826 0.06472679871383084
Vegetation 0.0 1 -10 493 183 514 197 1.3002063035964966 1.6999601125717163 0.9506067633628845 13.735354376376122 1.5918460847546079 34.275257983289016 3.119052856545853
Static 0.25 1 -10 -9 196 41 206 0.4415639042854309 1.539812445640564 1.539812445640564 -20.252615112386195 1.4849290434394606 21.252333234857478 3.102657637926998
Vegetation 0.25 1 -10 499 0 723 201 13.627312660217285 11.29561710357666 10.9702730178833 18.29183529873218 1.4158665644283273 29.778726979178156 1.543073885111608
Vegetation 0.0 0 -10 623 241 627 242 0.0010250998893752694 0.10964415967464447 0.04266975447535515 6.9717374275016795 1.6303203291282702 9.44359255615044 1.7131212480870204
Vegetation 0.0 0 -10 637 244 640 245 0.0009404629818163812 0.10059145092964172 0.039146747440099716 6.961454462337883 1.6304835337225825 8.975916306880722 1.9544417926308146
Vegetation 0.0 0 -10 650 243 652 244 0.0008078567334450781 0.08640794456005096 0.03362701088190079 7.376141577689594 1.6274362800322948 9.102043857800474 0.46406340995541395
Vegetation 0.0 0 -10 663 247 665 247 0.0007935344474390149 0.08487603813409805 0.03303084895014763 7.342432788162 1.6275431134550076 8.664908397445101 1.9940780851876552
Vegetation 0.0 0 -10 680 250 686 251 0.0010613988852128386 0.11352666467428207 0.04418069124221802 7.415793554490222 1.6255745907211754 8.232713821535247 1.6717011036530174
Vegetation 0.0 0 -10 702 256 708 257 0.0008084167493507266 0.08646784722805023 0.03365032374858856 7.330681120555269 1.6280916053656755 7.634026393890352 1.1345311254557842
Vegetation 0.0 0 -10 706 257 711 258 0.0008060832042247057 0.08621823787689209 0.03355318680405617 7.251320018500209 1.6295512397823564 7.479105797111233 2.1546850747309545
Vegetation 0.0 0 -10 17 206 20 206 0.0009062537574209273 0.09693244099617004 0.03772278502583504 -19.14053549873536 1.4820920210492932 20.18875797505118 0.5600121771829523
Vegetation 0.0 0 -10 34 205 37 205 0.0009065910126082599 0.09696851670742035 0.03773682564496994 -18.61168839299131 1.4817141226769426 20.675109747757144 0.24668714703543992
Vegetation 0.0 0 -10 30 206 31 206 0.0008791793952696025 0.06696251779794693 0.03690018877387047 -18.575145794356473 1.4819545556889162 20.334435369259033 1.799602344481272
Vegetation 0.0 0 -10 18 206 19 206 0.0042710029520094395 0.1051032617688179 0.04007858783006668 -19.267681318504145 1.4812912004239847 20.32583336964993 2.7477273736497234
Vegetation 0.0 0 -10 28 206 30 206 0.0048168315552175045 0.11853531748056412 0.04520057514309883 -18.596208524076673 1.4805503921924856 20.254817485686377 2.9876094783097384
Vegetation 0.0 0 -10 636 246 640 247 0.000982901779934764 0.0748625099658966 0.04125353321433067 6.774426522779564 1.6292653276318771 8.747590684477249 1.4187785643993205
Vegetation 0.0 0 -10 646 246 649 247 0.0008706969674676657 0.06631646305322647 0.03654417768120766 7.009133774236815 1.6296039594198668 8.753539095450515 1.6562660128637854
Vegetation 0.0 0 -10 693 255 697 256 0.0009446513722650707 0.07194919139146805 0.03964813053607941 7.174989297139973 1.6300039291632504 7.691990896018152 1.1602004030966766
Vegetation 0.0 0 -10 658 243 660 244 0.0008784724050201476 0.06690866500139236 0.03687051311135292 7.5924145514055965 1.624296632395343 9.107962424190791 1.9835306356903954
Vegetation 0.0 0 -10 688 253 694 254 0.0010120931547135115 0.07708587497472763 0.042478736490011215 7.330093987982892 1.6274214362020363 7.948238326012652 1.037399548519601
Vegetation 0.0 0 -10 661 251 666 252 0.0037182732485234737 0.09150134027004242 0.034891821444034576 6.849497655566097 1.6298532521541496 8.113184324584878 1.7159969294320883
Vegetation 0.0 0 -10 688 254 694 256 0.004785728175193071 0.11776992678642273 0.044908709824085236 7.138621149742576 1.6282395511523229 7.751871374402335 0.2232928747557481
Vegetation 0.0 0 -10 653 245 657 246 0.003460465231910348 0.08515708148479462 0.03247259184718132 7.302168507371576 1.6285370683993163 8.889181172546142 2.456413236753662
Buildings 0.0 0 -10 485 170 495 180 1.0564154386520386 0.7665429711341858 0.7290551662445068 13.169224326675888 0.08645153388574656 36.44784025092501 1.5835912179360734
Buildings 0.0 0 -10 594 170 607 180 1.0564154386520386 0.7665429711341858 0.7290551662445068 24.60844816547602 0.08467094996798585 36.77206038922569 1.5835912179360734
Static 0.0 0 -10 442 162 501 200 2.738938331604004 3.8760783672332764 1.893609881401062 8.764950810143716 1.4805025515870656 27.159133595014925 0.012794624825068102
Static 0.0 0 -10 44 184 58 205 1.2140138149261475 0.5437172055244446 0.37456512451171875 -18.355850998668743 1.4846385845556758 21.416717371470384 1.5835912179360734
Dynamic 0.25 0 -10 622 324 718 362 0.006871973164379597 0.5145252346992493 0.6981179118156433 3.133282593295732 1.6306566636230828 3.664134514247014 2.0376689722261805
Dynamic 0.0 0 -10 440 222 457 224 0.01547146961092949 0.5016211867332458 0.5018327832221985 3.2815826682098646 1.6370993920276322 13.461168081637972 0.01123840664207988
Dynamic 0.0 0 -10 307 200 315 200 0.03543085977435112 0.4343317747116089 0.6127240061759949 -3.704065236694717 1.6318210673453413 28.317841193954642 2.3801757231762903
Poles 0.0 0 -10 458 125 462 127 0.10929809510707855 0.4117761254310608 0.2957368493080139 8.098685208414224 1.4806655253350005 40.73604017111888 1.5835869568783292
Poles 0.0 0 -10 429 124 464 193 7.753437519073486 3.833437442779541 0.439208060503006 8.098685208414224 1.4806655253350005 40.73604017111888 1.5835869568783292
Other 0.0 0 -10 427 133 435 162 3.052478551864624 0.21492932736873627 3.0425829887390137 8.098685208414224 1.4806655253350005 40.73604017111888 1.5835869568783292
Poles 0.0 0 -10 458 125 462 127 0.10813476145267487 0.40739011764526367 0.29258644580841064 8.098685208414224 1.4806655253350005 40.73604017111888 1.5835869568783292
Poles 0.0 0 -10 553 73 563 76 0.10929809510707855 0.4117761254310608 0.2957368493080139 8.135920901744797 1.4805668196710062 20.73488356323455 1.5835869568783292
Poles 0.0 0 -10 496 69 565 205 7.753437519073486 3.833437442779541 0.439208060503006 8.135920901744797 1.4805668196710062 20.73488356323455 1.5835869568783292
Other 0.0 0 -10 474 91 528 145 3.052478551864624 0.21492932736873627 3.0425829887390137 8.135920901744797 1.4805668196710062 20.73488356323455 1.5835869568783292
Poles 0.0 0 -10 553 73 563 76 0.10813476145267487 0.40739011764526367 0.29258644580841064 8.135920901744797 1.4805668196710062 20.73488356323455 1.5835869568783292
Poles 0.0 0 -10 268 115 273 117 0.10929809510707855 0.4117761254310608 0.2957368493080139 -11.782378803110802 1.4836890396361475 34.243910645405876 1.5835912179360734
Poles 0.0 0 -10 233 113 274 195 7.753437519073486 3.833437442779541 0.439208060503006 -11.782378803110802 1.4836890396361475 34.243910645405876 1.5835912179360734
Other 0.0 0 -10 219 126 252 158 3.052478551864624 0.21492932736873627 3.0425829887390137 -11.782378803110802 1.4836890396361475 34.243910645405876 1.5835912179360734
Poles 0.0 0 -10 268 115 273 117 0.10813476145267487 0.40739011764526367 0.29258644580841064 -11.782378803110802 1.4836890396361475 34.243910645405876 1.5835912179360734
Poles 0.5 2 -10 -14 68 60 206 7.753437519073486 3.833437442779541 0.439208060503006 -17.41539437943311 1.500817022008928 20.495962102650832 0.012794757983122462
TrafficSigns 0.0 0 -10 50 178 55 191 0.7619999051094055 0.263102650642395 0.009999999776482582 -17.41539437943311 1.500817022008928 20.495962102650832 0.012794757983122462
Poles 0.0 2 -10 495 179 502 185 0.5626106262207031 0.5758585333824158 0.33124998211860657 13.780519495645308 0.21613783006066134 35.69977439438317 2.4562570423557286
Car 0.0 0 -10 347 181 368 198 1.4738311767578125 4.1928300857543945 1.8161858320236206 -0.16993432803906217 1.6393858301796775 33.65081447462125 0.005786516416524169
Car 0.0 0 -10 385 180 413 200 1.5749659538269043 5.365678787231445 1.8007241487503052 3.343533668098459 1.6134511541601244 31.191610889417493 0.007366969365431692
Pedestrian 0.0 0 -10 249 176 253 192 1.8600000143051147 0.3753577768802643 0.3753577768802643 -12.743652970580499 1.477653531422634 42.19018429913575 2.9782802918531366
Pedestrian 0.0 0 -10 216 177 219 191 1.8600000143051147 0.3753577768802643 0.3753577768802643 -18.308039421776186 1.478527693147814 46.45407513472403 0.31469855547972037
Pedestrian 0.0 1 -10 462 175 467 195 1.8600000143051147 0.3753577768802643 0.3753577768802643 9.892552156271492 1.4741400768649844 34.02450112696998 0.055739961615358456
Pedestrian 0.0 0 -10 159 184 168 198 1.100000023841858 0.5 0.5 -16.14343173467229 1.4781171049027457 29.62496382996607 0.0857467297236627
Car 0.0 0 -10 346 181 370 201 1.5012825727462769 3.633375883102417 1.845113754272461 -0.14946883246379628 1.6540112270335692 29.461253535547698 0.005886518115456644