Motorcycle 0.0 0 -10 297 182 315 194 1.2511454820632935 2.2094459533691406 0.8670341968536377 -5.616799677901614 1.5132163063046489 37.734465789860906 2.943968561293422
Motorcycle 0.0 0 -10 304 182 320 195 1.2356280088424683 1.8046668767929077 0.8556876182556152 -4.784141048623325 1.513577106704738 36.18903392296514 2.9439695932683443
Motorcycle 0.0 0 -10 311 182 329 195 1.2765705585479736 2.3557403087615967 0.763678789138794 -3.850448719152203 1.5235302102311095 35.23130015404447 2.943958141675657
Car 0.0 0 -10 181 182 224 194 1.300939917564392 4.717525005340576 1.894826889038086 -19.099220839099686 1.644552242410798 43.97508424516949 1.0241084147599906
Bicycle 0.0 0 -10 361 183 367 193 1.023902416229248 1.6428436040878296 0.3725162446498871 0.36706732345570847 1.5054731535760268 43.03893603721643 3.118501985835559
Static 0.0 1 -10 500 182 505 193 1.2140138149261475 0.5437169671058655 0.3745649755001068 16.274144561349146 1.5219938712442256 41.05277913006174 3.116371989595714
Poles 0.0 0 -10 429 131 439 192 7.608908653259277 0.8452807664871216 1.1107103824615479 8.030356302277882 1.5113098154458176 -15.376725607392139 3.118501985835559
Poles 0.0 0 -10 527 63 558 208 7.608907699584961 1.1106011867523193 1.1126819849014282 8.030356302277882 1.5113098154458176 -15.376725607392139 3.118501985835559
Poles 0.0 0 -10 0 64 32 208 7.608908653259277 0.8452807664871216 1.1107103824615479 -35.476024480805066 1.5334394657621833 10.808603626811305 3.118501985835559
Dynamic 0.0 0 -10 138 232 144 232 0.004393888637423515 0.12833522260189056 0.10504510998725891 -6.805815841539222 1.6347244255519067 11.203110456672754 3.073031165061168
Dynamic 0.0 0 -10 189 200 194 201 0.02052634209394455 0.20424965023994446 0.2891351878643036 -12.945586195638837 1.638116849023328 27.666739684869995 0.35687827090731616
Poles 0.0 0 -10 96 88 104 92 0.10929809510707855 0.4117761254310608 0.2957368493080139 -20.442991180240874 1.4923244042821329 22.758612052539554 2.594890360485001
Poles 0.0 0 -10 31 79 106 203 7.753437519073486 3.833437442779541 0.439208060503006 -20.442991180240874 1.4923244042821329 22.758612052539554 2.594890360485001
Other 0.0 0 -10 3 96 67 149 3.052478551864624 0.21492932736873627 3.0425829887390137 -20.442991180240874 1.4923244042821329 22.758612052539554 2.594890360485001
Poles 0.0 0 -10 96 88 104 92 0.10813476145267487 0.40739011764526367 0.29258644580841064 -20.442991180240874 1.4923244042821329 22.758612052539554 2.594890360485001
Poles 0.0 0 -10 439 90 446 93 0.10929809510707855 0.4117761254310608 0.2957368493080139 2.6393093614356076 1.480945078963216 26.001295316707008 2.15856503828428
Poles 0.0 0 -10 392 87 448 201 7.753437519073486 3.833437442779541 0.439208060503006 2.6393093614356076 1.480945078963216 26.001295316707008 2.15856503828428
TrafficSigns 0.0 0 -10 396 158 398 169 0.7619999051094055 0.5155503153800964 0.009999999776482582 2.6393093614356076 1.480945078963216 26.001295316707008 2.15856503828428
Other 0.0 0 -10 376 107 417 152 3.052478551864624 0.21492932736873627 3.0425829887390137 2.6393093614356076 1.480945078963216 26.001295316707008 2.15856503828428
Poles 0.0 0 -10 439 90 446 93 0.10813476145267487 0.40739011764526367 0.29258644580841064 2.6393093614356076 1.480945078963216 26.001295316707008 2.15856503828428
Poles 0.0 0 -10 314 123 318 124 0.10929809510707855 0.4117761254310608 0.2957368493080139 -7.958625146321371 1.4864697970525058 38.38538113802205 2.4203657576639745
Poles 0.0 0 -10 283 120 319 194 7.753437519073486 3.833437442779541 0.439208060503006 -7.958625146321371 1.4864697970525058 38.38538113802205 2.4203657576639745
TrafficSigns 0.0 0 -10 285 165 286 172 0.7619999051094055 0.5155503153800964 0.009999999776482582 -7.958625146321371 1.4864697970525058 38.38538113802205 2.4203657576639745
Other 0.0 0 -10 270 132 299 161 3.052478551864624 0.21492932736873627 3.0425829887390137 -7.958625146321371 1.4864697970525058 38.38538113802205 2.4203657576639745
Poles 0.0 0 -10 314 123 318 124 0.10813476145267487 0.40739011764526367 0.29258644580841064 -7.958625146321371 1.4864697970525058 38.38538113802205 2.4203657576639745
Poles 0.0 0 -10 355 92 375 98 0.13979004323482513 2.2727365493774414 2.2727365493774414 0.6918589992337174 1.4950247906177943 42.94523052685408 3.118501985835559
Poles 0.0 0 -10 355 84 375 192 12.53104019165039 2.367814302444458 2.367814779281616 0.6918589992337174 1.4950247906177943 42.94523052685408 3.118501985835559
Poles 0.0 0 -10 355 92 375 98 0.13979004323482513 2.2755773067474365 2.2755773067474365 0.6918589992337174 1.4950247906177943 42.94523052685408 3.118501985835559
Poles 0.0 0 -10 445 151 469 193 4.685649871826172 2.0568554401397705 2.300708055496216 11.09711657635781 1.5105374609311002 40.832140106178244 3.118501985835559
Poles 0.0 0 -10 445 161 469 164 0.32664671540260315 1.9347323179244995 2.178541898727417 11.09711657635781 1.5105374609311002 40.832140106178244 3.118501985835559
Poles 0.0 0 -10 445 161 469 164 0.3244769275188446 1.9323431253433228 2.1761527061462402 11.09711657635781 1.5105374609311002 40.832140106178244 3.118501985835559
Poles 0.0 0 -10 463 141 497 197 4.685649871826172 2.0568554401397705 2.300708055496216 10.380113755679472 1.490702072683208 30.941868571645614 3.118501985835559
Poles 0.0 0 -10 464 154 496 159 0.32664671540260315 1.9347323179244995 2.178541898727417 10.380113755679472 1.490702072683208 30.941868571645614 3.118501985835559
Poles 0.0 0 -10 464 154 496 159 0.3244769275188446 1.9323431253433228 2.1761527061462402 10.380113755679472 1.490702072683208 30.941868571645614 3.118501985835559
Pedestrian 0.0 0 -10 374 175 380 198 1.8600000143051147 0.3753577768802643 0.3753577768802643 1.46675214922697 1.4753923704886112 29.725490979676046 0.5370725772415532
Car 0.0 0 -10 45 180 103 200 1.6506516933441162 5.0267767906188965 2.1515462398529053 -24.995560296895984 1.5054541304210665 31.46931019442465 1.0838178845591395