Buildings 0.0 0 -10 572 163 605 176 1.393420696258545 4.009795665740967 0.5621825456619263 25.094114745597693 -0.4202911341570732 39.85028204621018 0.29598532144806056
Buildings 0.0 1 -10 470 180 500 192 1.393420696258545 3.9378600120544434 0.562182605266571 15.177022492827902 1.4603725733531538 44.340809697215285 0.2956608152692346
Buildings 0.0 1 -10 490 180 523 193 1.393420696258545 3.9378600120544434 0.562182605266571 16.316404094672777 1.4587249115756484 40.5920899296657 0.2956608152692346
Buildings 0.0 1 -10 515 180 550 194 1.393420696258545 3.9378600120544434 0.562182605266571 17.455790090481642 1.4570772434430395 36.84335554966626 0.2956608152692346
Buildings 0.0 1 -10 545 180 584 196 1.393420696258545 3.9378600120544434 0.562182605266571 18.595173889308512 1.4554295784879825 33.09462847589176 0.2956608152692346
Buildings 0.0 1 -10 583 180 626 198 1.393420696258545 3.9378600120544434 0.562182605266571 19.73457010358817 1.4537818959109248 29.345913102310824 0.2956608152692346
Buildings 0.0 0 -10 559 181 626 208 1.393420696258545 4.038458347320557 0.562182605266571 12.969694319186388 1.4633613905583136 19.53770546274618 1.865567036385752
Buildings 0.0 0 -10 616 181 678 206 1.393420696258545 4.038458347320557 0.562182605266571 16.815046244006695 1.457887919774956 20.70335041437319 1.865567036385752
Buildings 0.25 0 -10 667 180 723 205 1.393420696258545 4.038458347320557 0.562182605266571 20.66041497824378 1.4524144250144948 21.868992453743942 1.865567036385752
Buildings 0.0 1 -10 618 180 664 199 1.393420696258545 4.089356422424316 0.5621825456619263 22.314810148335226 1.4500961458311559 28.16108526749241 1.866325253952557
Buildings 0.0 1 -10 656 180 699 198 1.393420696258545 4.089356422424316 0.5621825456619263 26.20788229732723 1.444554767054765 29.343876089035646 1.866325253952557
Buildings 0.0 0 -10 361 180 392 191 1.393420696258545 4.150892734527588 0.562182605266571 1.95222216356251 1.4792466250534198 48.32371661523947 0.2951707936286603
Buildings 0.0 0 -10 371 180 404 192 1.393420696258545 4.150892734527588 0.562182605266571 3.1516364554206007 1.4775121133535216 44.3716975106029 0.2951707936286603
Buildings 0.0 0 -10 383 180 419 193 1.393420696258545 4.150892734527588 0.562182605266571 4.3510496487876935 1.4757776032423988 40.4196820590788 0.2951707936286603
Buildings 0.0 1 -10 398 180 437 194 1.393420696258545 4.150892734527588 0.562182605266571 5.550456634428372 1.4740431019422766 36.467660757457914 0.2951707936286603
Buildings 0.0 0 -10 416 180 460 196 1.393420696258545 4.150892734527588 0.562182605266571 6.749863620069064 1.4723086006421542 32.515639455837025 0.2951707936286603
Buildings 0.0 0 -10 439 180 488 199 1.393420696258545 4.150892734527588 0.562182605266571 7.949270605709756 1.470574099342032 28.563618154216137 0.2951707936286603
Buildings 0.0 0 -10 469 181 526 202 1.393420696258545 4.150892734527588 0.562182605266571 9.148682700585852 1.468839590819685 24.611606355804504 0.2951707936286603
Buildings 0.0 0 -10 512 181 577 206 1.393420696258545 4.150892734527588 0.562182605266571 10.348106495643322 1.4671050655424591 20.659582141927352 0.2951707936286603
Buildings 0.0 0 -10 595 162 609 175 1.3492552042007446 0.8995034694671631 0.8995034694671631 25.66358996798752 -0.49516619287869745 38.11421811403306 1.8628955635803135
Buildings 0.0 2 -10 540 175 633 197 2.002869129180908 3.799999952316284 7.222742557525635 19.837071328312632 1.6060777632756689 39.458043730063864 0.2920993699434713
Buildings 0.0 2 -10 516 176 595 195 2.002869129180908 3.799999952316284 7.222742557525635 18.7428139103709 1.6076604158948835 43.09707709594767 0.2920993699434713
Buildings 0.0 2 -10 495 176 565 194 2.002869129180908 3.799999952316284 7.222742557525635 17.648554295447155 1.6092430716916497 46.7361177680564 0.2920993699434713
Buildings 0.0 0 -10 613 75 646 154 7.609364032745361 0.2393566071987152 3.1847801208496094 27.6969145928212 -10.183483899541796 37.060548536551714 1.8628886171703327
Vegetation 0.0 2 -10 455 182 470 192 1.3002063035964966 1.699960470199585 0.9506067633628845 13.601885821902385 1.5745224817331653 47.272550226356564 0.34403114435807114
Vegetation 0.0 2 -10 460 182 476 193 1.3002063035964966 1.699960470199585 0.9506067633628845 13.91715302789406 1.5739433927167745 46.0595755209686 0.34403114435807114
Vegetation 0.0 2 -10 466 182 483 193 1.3002063035964966 1.6999601125717163 0.9506067633628845 14.365457854176398 1.5735049007245008 44.75284161076343 0.2567645486003001
Vegetation 0.0 2 -10 478 182 495 194 1.3002063035964966 1.699960470199585 0.9506067633628845 15.046836615847326 1.572519281242793 42.467260706652056 0.34403114435807114
Vegetation 0.0 1 -10 484 182 502 194 1.3002063035964966 1.699960470199585 0.9506067633628845 15.357852837390212 1.572069632870769 41.26842354571039 0.34403114435807114
Vegetation 0.0 2 -10 490 182 509 194 1.3002063035964966 1.6999601125717163 0.9506067633628845 15.720878288022433 1.571546378609358 40.24915964844051 0.2567645486003001
Vegetation 0.0 1 -10 372 182 386 192 1.3002063035964966 1.6999601125717163 0.9506067633628845 2.6629524174743295 1.590216534897245 47.867220762488245 0.2567645486003001
Vegetation 0.0 1 -10 369 182 383 192 1.3002063035964966 1.699960470199585 0.9506067633628845 2.2999203758961073 1.5907397986913108 48.886506578432886 0.34403114435807114
Vegetation 0.0 2 -10 428 183 449 198 1.3002063035964966 1.699960470199585 0.9506067633628845 7.218601168120131 1.5837123984674504 32.71320866784672 0.34403114435807114
Vegetation 0.0 1 -10 434 183 457 199 1.3002063035964966 1.6999601125717163 0.9506067633628845 7.564291892568747 1.5832124170905675 31.563588788722406 0.2567645486003001
Vegetation 0.0 2 -10 440 183 463 199 1.3002063035964966 1.6999601125717163 0.9506068229675293 7.843373807466662 1.582807709790757 30.467083328239738 0.16949808600058364
Static 0.0 0 -10 64 189 89 194 0.4415639042854309 1.539812445640564 1.539812445640564 -30.14236508714164 1.524924193903712 38.361504517940645 0.24036932998144528
Vegetation 0.25 1 -10 -68 15 152 197 15.391246795654297 12.757740020751953 12.390281677246094 -30.142522294535794 1.4146275501874517 38.36150521480299 0.24036932998144528
Vegetation 0.0 0 -10 17 197 17 197 0.0010442741913720965 0.1116950586438179 0.043467894196510315 -33.31978242612567 1.6779912459715152 35.025980986509865 1.2831291226955894
Vegetation 0.0 0 -10 22 197 24 197 0.001034651417285204 0.11066577583551407 0.0430673286318779 -32.54501961680397 1.676118786427476 34.811020346046874 2.0672092876695576
Vegetation 0.0 0 -10 351 196 353 197 0.0010250998893752694 0.10964415967464447 0.04266975447535515 -0.7173471809391287 1.6325862732649383 34.515774080931486 1.9924255937312605
Vegetation 0.0 0 -10 353 197 354 197 0.0009404629818163812 0.10059145092964172 0.039146747440099716 -0.5982993366688873 1.6325775346791618 34.06338656473125 2.2337461382750545
Vegetation 0.0 0 -10 41 196 42 196 0.0008505465812049806 0.09097401052713394 0.03540397062897682 -31.68178109543325 1.6745403548182045 35.83741501568989 1.2567487144646188
Vegetation 0.0 0 -10 32 196 33 196 0.0008843794348649681 0.09459277987480164 0.03681226819753647 -32.534794058349235 1.6721052490138457 35.8305167379254 2.4368610403995996
Vegetation 0.0 0 -10 15 196 17 197 0.0009376606903970242 0.10029169917106628 0.03903009742498398 -33.81618045508495 1.6738074224124428 35.44504373033007 2.513557749527928
Vegetation 0.0 0 -10 357 197 357 197 0.0008078567334450781 0.08640794456005096 0.03362701088190079 -0.2344582727598663 1.6290762617291057 34.29895031701907 0.7433677555996541
Vegetation 0.0 0 -10 358 197 358 197 0.0007935344474390149 0.08487603813409805 0.03303084895014763 -0.14634818574498354 1.6290516539044007 33.86946186665715 2.2733824308318953
Vegetation 0.0 0 -10 359 197 361 197 0.0010613988852128386 0.11352666467428207 0.04418069124221802 0.04331737751110154 1.626823572006638 33.474240599481966 1.9510054492972575
Vegetation 0.0 0 -10 360 197 361 197 0.0008084167493507266 0.08646784722805023 0.03365032374858856 0.12655667763031886 1.6292078782874315 32.87528930284104 1.4138354711000243
Vegetation 0.0 0 -10 360 197 361 197 0.0008060832042247057 0.08621823787689209 0.03355318680405617 0.09298248208318682 1.630702824249753 32.70449338088304 2.4339894203751946
Vegetation 0.0 0 -10 2 224 3 224 0.0008243189658969641 0.08816873282194138 0.03431225195527077 -13.248430785882704 1.6465189809007974 13.361849626929601 2.810691958670249
Vegetation 0.0 0 -10 65 194 66 194 0.0008284072391688824 0.08860601484775543 0.034482426941394806 -30.228232159288552 1.521984504028917 36.9621393457041 2.5623159680295347
Vegetation 0.0 0 -10 46 194 47 194 0.0010994415497407317 0.11759569495916367 0.045764222741127014 -32.31473460926276 1.5232430840122455 37.137762918286356 0.012474512862040044
Vegetation 0.0 0 -10 84 194 85 194 0.0009062537574209273 0.09693244099617004 0.03772278502583504 -28.780172298078355 1.5203167834059397 37.645731403913466 0.8393165228271924
Vegetation 0.0 0 -10 92 194 93 194 0.0009065910126082599 0.09696851670742035 0.03773682564496994 -28.405900920778464 1.519488241619468 38.259032093108345 0.5259914926796805
Vegetation 0.0 0 -10 91 194 92 194 0.0008791793952696025 0.06696251779794693 0.03690018877387047 -28.27685477894319 1.5195499326913469 37.941634002026035 2.078906690125512
Vegetation 0.0 0 -10 60 194 61 194 0.003994482569396496 0.09829846769571304 0.03748374432325363 -30.57877019050059 1.5216632058109374 36.810497022929134 2.288683622874945
Vegetation 0.0 0 -10 53 194 54 194 0.003520349971950054 0.08663076907396317 0.0330345444381237 -31.917043178271157 1.5250365957046048 37.52230577281392 2.8184030084485188
Vegetation 0.0 0 -10 83 194 84 194 0.0042710029520094395 0.1051032617688179 0.04007858783006668 -28.940181682281448 1.519724477805834 37.74244237845093 3.0270317192939635
Vegetation 0.0 0 -10 90 194 91 194 0.0048168315552175045 0.11853531748056412 0.04520057514309883 -28.275153463184438 1.5181399588843496 37.85929485219493 0.12532117036418575
Vegetation 0.0 0 -10 351 197 352 197 0.000982901779934764 0.0748625099658966 0.04125353321433067 -0.7151345603397061 1.6314964876511278 33.792348021635526 1.6980829100435608
Vegetation 0.0 0 -10 354 197 355 197 0.0008706969674676657 0.06631646305322647 0.03654417768120766 -0.49116244593034253 1.6315523426339364 33.862771626768804 1.9355703585080257
Vegetation 0.0 0 -10 359 197 359 197 0.0009446513722650707 0.07194919139146805 0.03964813053607941 -0.03907917862888155 1.6313321941001695 32.888085248671146 1.4395047487409167
Vegetation 0.0 0 -10 12 223 14 224 0.0008987887995317578 0.06845606863498688 0.03772322088479996 -12.992760512491472 1.6495173058342172 13.506239544247514 2.7918456997421393
Vegetation 0.0 0 -10 359 197 359 197 0.0008784724050201476 0.06690866500139236 0.03687051311135292 -0.02820225976327606 1.6256762222828824 34.36426329808872 2.2628349813346356
Vegetation 0.0 0 -10 359 197 360 197 0.0010120931547135115 0.07708587497472763 0.042478736490011215 0.039367405136459865 1.6286623368667565 33.177162904794805 1.3167038941638411
Vegetation 0.0 0 -10 365 198 366 198 0.0008482299745082855 0.0646052360534668 0.035601187497377396 0.5353354574289142 1.6274405609141367 31.921249882412724 2.1088454144679654
Vegetation 0.0 0 -10 16 221 18 222 0.0008154730312526226 0.06211034208536148 0.03422636166214943 -13.44917842091266 1.6472482681912133 14.137152216252144 0.8640697396321246
Vegetation 0.0 0 -10 354 197 355 197 0.0037182732485234737 0.09150134027004242 0.034891821444034576 -0.46807455860246705 1.631743028095761 33.20322259352947 1.9953012750763284
Vegetation 0.0 0 -10 358 197 359 197 0.004785728175193071 0.11776992678642273 0.044908709824085236 -0.09054844281743613 1.6296356122580862 32.935619063905825 0.5025972203999882
Vegetation 0.0 0 -10 38 196 39 196 0.004159789066761732 0.10236644744873047 0.03903496637940407 -32.08704206436761 1.6705192511250386 36.004636235574054 2.902344381269217
Vegetation 0.0 0 -10 30 196 31 196 0.0036053659860044718 0.08872291445732117 0.03383233770728111 -32.7720425788489 1.670641569317959 35.86030007640611 1.3258728581913612
Vegetation 0.0 0 -10 52 196 53 196 0.0037513768766075373 0.09231599420309067 0.035202477127313614 -30.950089248193663 1.6693306373344503 36.334110117706444 2.5704111787950485
Vegetation 0.0 0 -10 62 196 63 196 0.004000633955001831 0.09844985604286194 0.0375414714217186 -29.962771482458336 1.6717049288040855 36.33661216671685 0.9888728585852626
Vegetation 0.0 0 -10 69 196 71 196 0.004084000363945961 0.10050138086080551 0.038323767483234406 -29.426320267547638 1.6701331135993949 36.60837627892386 2.411453484914835
Vegetation 0.0 0 -10 357 197 357 197 0.003460465231910348 0.08515708148479462 0.03247259184718132 -0.2468798376374366 1.6301829662616336 34.0739431326889 2.735717582397902
Vegetation 0.0 0 -10 361 197 362 198 0.0036517020780593157 0.08986315876245499 0.03426714241504669 0.20992284299757102 1.62928365847458 32.51965316082587 0.3797505261626499
Vegetation 0.0 0 -10 366 198 367 198 0.004191690590232611 0.10315149277448654 0.03933432325720787 0.6215523386521511 1.6248525746409288 31.755358366027473 0.781623931500588
Static 0.0 0 -10 23 189 44 195 0.5126523971557617 1.58349609375 0.5126523971557617 -33.42762030411758 1.5319977527117856 36.94318367616405 1.8628955635803135
Buildings 0.0 0 -10 557 160 580 181 1.0564154386520386 0.7665429711341858 0.7290551662445068 11.011215728905555 0.0727267784407053 18.966500535651612 1.8628955635803135
Buildings 0.0 0 -10 616 167 633 181 1.0564154386520386 0.7665429711341858 0.7290551662445068 20.3091845324835 0.106616854901461 27.559605598800147 1.8628955635803135
Buildings 0.0 0 -10 596 152 608 162 1.0564154386520386 0.7665429711341858 0.7290551662445068 25.566600533118276 -1.8442851312531432 37.99920768161878 1.8628955635803135
Static 0.0 0 -10 94 182 102 194 1.2140138149261475 0.5437172055244446 0.37456512451171875 -28.364425655346253 1.5223943734060579 39.042431474427275 1.8628955635803135
Static 0.0 0 -10 407 183 417 201 1.2140138149261475 0.5437172055244446 0.37456512451171875 3.6158470154457234 1.4767221659271275 24.75576647599123 0.273434738601706
Dynamic 0.0 0 -10 48 198 51 198 0.007208478171378374 0.13480760157108307 0.21108463406562805 -27.590708115258025 1.6706475928855415 32.058033663634944 2.4010359643892585
Dynamic 0.0 0 -10 395 232 417 236 0.006424764171242714 0.48104140162467957 0.6526862978935242 1.3242666565819121 1.6293004780669067 10.819822859441281 0.23532370498018118
Dynamic 0.0 0 -10 99 215 121 217 0.007005174178630114 0.5244984030723572 0.7116495966911316 -11.183229720601275 1.6471620296738276 16.270355657822705 2.280094129411112
Dynamic 0.0 0 -10 317 200 328 201 0.006871973164379597 0.5145252346992493 0.6981179118156433 -2.8137294592373223 1.635306350827829 27.90207253595685 2.3169733178704206
Dynamic 0.0 0 -10 94 216 114 218 0.006976887583732605 0.522380530834198 0.70877605676651 -11.314367126393336 1.647347329933841 16.01525171887434 2.7992109380528625
Dynamic 0.0 0 -10 144 199 155 200 0.006404489278793335 0.47952333092689514 0.6506265997886658 -17.1669430473177 1.6557745468863718 29.540880510257214 2.226394681822973
Dynamic 0.0 0 -10 305 195 311 195 0.01547146961092949 0.5016211867332458 0.5018327832221985 -5.372079724765115 1.645432518929416 37.360330760550426 0.29054275228632015
Poles 0.0 0 -10 361 132 365 133 0.10929809510707855 0.4117761254310608 0.2957368493080139 -2.711329060351858 1.485871516000598 45.6904562376306 1.8628913025225693
Poles 0.0 0 -10 336 130 366 191 7.753437519073486 3.833437442779541 0.439208060503006 -2.711329060351858 1.485871516000598 45.6904562376306 1.8628913025225693
Other 0.0 0 -10 326 139 350 164 3.052478551864624 0.21492932736873627 3.0425829887390137 -2.711329060351858 1.485871516000598 45.6904562376306 1.8628913025225693
Poles 0.0 0 -10 361 132 365 133 0.10813476145267487 0.40739011764526367 0.29258644580841064 -2.711329060351858 1.485871516000598 45.6904562376306 1.8628913025225693
Poles 0.0 0 -10 437 99 443 101 0.10929809510707855 0.4117761254310608 0.2957368493080139 2.971673553132419 1.477650296212596 26.514692397961447 1.8628913025225693
Poles 0.0 0 -10 396 93 445 200 7.753437519073486 3.833437442779541 0.439208060503006 2.971673553132419 1.477650296212596 26.514692397961447 1.8628913025225693
TrafficSigns 0.0 0 -10 399 159 402 169 0.7619999051094055 0.5155503153800964 0.009999999776482582 2.971673553132419 1.477650296212596 26.514692397961447 1.8628913025225693
Other 0.0 0 -10 380 109 419 153 3.052478551864624 0.21492932736873627 3.0425829887390137 2.971673553132419 1.477650296212596 26.514692397961447 1.8628913025225693
Poles 0.0 0 -10 437 99 443 101 0.10813476145267487 0.40739011764526367 0.29258644580841064 2.971673553132419 1.477650296212596 26.514692397961447 1.8628913025225693
Poles 0.0 0 -10 63 11 81 19 0.10929809510707855 0.4117761254310608 0.2957368493080139 -13.712343364989891 1.5013401485969373 12.251373646917116 1.8628955635803135
Poles 0.5 1 -10 -56 -7 85 225 7.753437519073486 3.833437442779541 0.439208060503006 -13.712343364989891 1.5013401485969373 12.251373646917116 1.8628955635803135
Other 0.5 1 -10 -105 24 14 123 3.052478551864624 0.21492932736873627 3.0425829887390137 -13.712343364989891 1.5013401485969373 12.251373646917116 1.8628955635803135
Poles 0.0 0 -10 63 11 80 19 0.10813476145267487 0.40739011764526367 0.29258644580841064 -13.712343364989891 1.5013401485969373 12.251373646917116 1.8628955635803135
TrafficSigns 0.0 0 -10 4 169 9 181 0.7619999051094055 0.263102650642395 0.009999999776482582 -23.805417599753554 1.532130316594286 24.296465212941957 0.2920985709951444
Poles 0.0 2 -10 64 121 70 123 0.10929809510707855 0.4117761254310608 0.2957368493080139 -27.20655420370815 1.5370672181342981 38.4166286621293 0.2920991036273626
Poles 0.0 0 -10 63 119 108 194 7.753437519073486 3.833437442779541 0.439208060503006 -27.20655420370815 1.5370672181342981 38.4166286621293 0.2920991036273626
TrafficSigns 0.0 0 -10 103 179 106 186 0.7619999051094055 0.263102650642395 0.009999999776482582 -27.20655420370815 1.5370672181342981 38.4166286621293 0.2920991036273626
Poles 0.0 2 -10 64 121 70 123 0.10813476145267487 0.40739011764526367 0.29258644580841064 -27.20655420370815 1.5370672181342981 38.4166286621293 0.2920991036273626
Pedestrian 0.0 0 -10 120 177 125 196 1.8600000143051147 0.3753577768802643 0.3753577768802643 -23.446283536519303 1.6572339121962898 35.63254092467089 0.2888608328998806
Pedestrian 0.0 0 -10 120 178 125 196 1.8600000143051147 0.3753577768802643 0.3753577768802643 -24.67947383319789 1.6592325714231788 37.51830856648796 0.3627879210735537
Pedestrian 0.0 0 -10 394 175 400 197 1.8600000143051147 0.3753577768802643 0.3753577768802643 3.1486020203682585 1.4712021684870684 30.284881558353014 0.24880582484065283
Car 0.0 0 -10 145 181 193 209 1.5347249507904053 5.0078253746032715 1.8816219568252563 -11.770793801835751 1.6503786212553735 22.550510088852516 0.333799412608041