Fences 0.5 1 -10 -47 143 16 200 3.3111486434936523 2.7944066524505615 0.12882445752620697 -23.505181224932443 1.2045610018546575 20.819930383730167 2.0187811679850656
Buildings 0.0 1 -10 431 180 457 191 1.393420696258545 3.9378600120544434 0.562182605266571 10.787989823853934 1.465982562461403 47.08903631913462 0.45154562072566007
Buildings 0.0 1 -10 451 180 479 192 1.393420696258545 3.9378600120544434 0.562182605266571 12.495563363271572 1.463457880613067 43.562658713111716 0.45154562072566007
Buildings 0.0 1 -10 474 180 504 193 1.393420696258545 3.9378600120544434 0.562182605266571 14.203147351094586 1.4609331834210504 40.03629459296641 0.45154562072566007
Buildings 0.0 0 -10 445 180 488 198 1.393420696258545 4.038458347320557 0.562182605266571 9.043064089930596 1.4684980947792796 29.2967389626874 2.021451841842177
Buildings 0.0 1 -10 483 180 523 197 1.393420696258545 4.038458347320557 0.562182605266571 12.660817869695677 1.463176649827881 31.04525792852607 2.021451841842177
Buildings 0.0 1 -10 517 180 553 196 1.393420696258545 4.038458347320557 0.562182605266571 16.278588707194203 1.4578551797604673 32.793776627157705 2.021451841842177
Buildings 0.0 0 -10 548 180 581 195 1.393420696258545 4.038458347320557 0.562182605266571 19.896335610424558 1.4525337449239926 34.542292288328724 2.021451841842177
Buildings 0.0 0 -10 575 180 606 194 1.393420696258545 4.038458347320557 0.562182605266571 23.5140995713884 1.4472122849715028 36.29080768229272 2.021451841842177
Buildings 0.0 0 -10 600 180 628 194 1.393420696258545 4.038458347320557 0.562182605266571 27.131860227688165 1.4418908299051805 38.039329952799015 2.021451841842177
Buildings 0.0 1 -10 497 180 528 193 1.393420696258545 4.089356422424316 0.5621825456619263 16.936050026800302 1.456906446399214 39.26642709921829 2.022210059408983
Buildings 0.0 1 -10 523 180 552 193 1.393420696258545 4.089356422424316 0.5621825456619263 20.598283430323875 1.4515195837421837 41.039292810522255 2.022210059408983
Buildings 0.0 2 -10 548 180 575 192 1.393420696258545 4.089356422424316 0.5621825456619263 24.26052728225281 1.4461327057414723 42.81217200770379 2.022210059408983
Buildings 0.0 0 -10 327 180 357 191 1.393420696258545 4.150892734527588 0.562182605266571 -2.7130881153437088 1.4858649388056309 48.58742892113211 0.4510555990850853
Buildings 0.0 0 -10 339 180 371 192 1.393420696258545 4.150892734527588 0.562182605266571 -0.9146569328965484 1.4832059105500575 44.869540991367465 0.4510555990850853
Buildings 0.0 0 -10 353 180 387 193 1.393420696258545 4.150892734527588 0.562182605266571 0.8837742495505978 1.4805468822944836 41.15165306160283 0.4510555990850853
Buildings 0.0 0 -10 369 180 407 194 1.393420696258545 4.150892734527588 0.562182605266571 2.682205431997758 1.47788785403891 37.43376513183819 0.4510555990850853
Buildings 0.0 0 -10 390 180 430 196 1.393420696258545 4.150892734527588 0.562182605266571 4.4806401863155685 1.4752288205545794 33.71588738328351 0.4510555990850853
Buildings 0.0 0 -10 416 180 460 198 1.393420696258545 4.150892734527588 0.562182605266571 6.279088426496202 1.472569767182991 29.99799918631185 0.4510555990850853
Vegetation 0.0 0 -10 518 183 545 199 0.9019812345504761 1.1472564935684204 1.0730178356170654 10.308452108543847 0.9913421412408034 21.45009811628912 1.3630453272657146
Vegetation 0.0 0 -10 591 184 617 198 0.9019812345504761 1.1472562551498413 1.0730175971984863 16.966589813679448 1.0635485952969588 24.87834896481632 2.0152255816137012
Vegetation 0.0 0 -10 663 183 688 195 0.9019812345504761 1.1472567319869995 1.073017954826355 25.67101833771963 1.0514928965741586 29.126568730030407 1.9415415068894981
Vegetation 0.0 1 -10 424 182 439 192 1.3002063035964966 1.699960470199585 0.9506067633628845 9.606101606839019 1.579698368348688 47.97433325788114 0.4999159498144967
Vegetation 0.0 2 -10 429 182 445 192 1.3002063035964966 1.6999601125717163 0.9506067633628845 10.126080581411316 1.578929544607614 46.8923299553621 0.4126493540567257
Vegetation 0.0 2 -10 447 182 463 193 1.3002063035964966 1.699960470199585 0.9506067633628845 11.592171664888468 1.5766760188411466 43.71918410157637 0.4999159498144967
Vegetation 0.0 2 -10 453 182 470 194 1.3002063035964966 1.6999601125717163 0.9506067633628845 12.109043477026447 1.5759127689624426 42.76863369410437 0.4126493540567257
Vegetation 0.0 2 -10 459 182 477 194 1.3002063035964966 1.6999601125717163 0.9506067633628845 12.60005417803741 1.5751853262479951 41.66895074783727 0.4126493540567257
Vegetation 0.0 2 -10 468 182 485 194 1.3002063035964966 1.699960470199585 0.9506067633628845 13.169768576184723 1.5743425790745358 40.558841946872214 0.4999159498144967
Vegetation 0.0 2 -10 407 183 429 198 1.3002063035964966 1.6999601125717163 0.9506067633628845 5.399814320542561 1.5858570763962225 32.922067444815326 0.4126493540567257
Vegetation 0.0 1 -10 414 183 436 199 1.3002063035964966 1.6999601125717163 0.9506068229675293 5.845752529194115 1.5851973932399985 31.882179456631526 0.32538289145700927
Vegetation 0.0 2 -10 423 183 446 199 1.3002063035964966 1.699960470199585 0.9506067633628845 6.427793676663455 1.5843371012737004 30.769970034189136 0.4999159498144967
Vegetation 0.0 2 -10 334 182 349 192 1.3002063035964966 1.699960470199585 0.9506067633628845 -2.4285283891168348 1.5973093701472516 49.08933436291599 0.4999159498144967
Vegetation 0.0 1 -10 338 182 353 192 1.3002063035964966 1.6999601125717163 0.9506067633628845 -1.7827836426911716 1.5965637012590126 47.868046484106266 0.4126493540567257
Vegetation 0.0 2 -10 345 182 361 193 1.3002063035964966 1.699960470199585 0.9506067633628845 -0.7548108958983875 1.5950437359088248 45.715962826564684 0.4999159498144967
Vegetation 0.0 1 -10 349 182 365 193 1.3002063035964966 1.699960470199585 0.9506067633628845 -0.26145166732003133 1.5943151633812294 44.5799523488436 0.4999159498144967
Vegetation 0.0 1 -10 353 182 369 194 1.3002063035964966 1.6999601125717163 0.9506067633628845 0.25541684015936994 1.593551922113979 43.62940881791392 0.4126493540567257
Vegetation 0.0 2 -10 357 182 374 194 1.3002063035964966 1.6999601125717163 0.9506067633628845 0.7464440644906176 1.5928244549686954 42.52969148893527 0.4126493540567257
Vegetation 0.0 1 -10 554 182 570 194 1.3002063035964966 1.6999599933624268 0.9506067633628845 23.407126656261582 1.5594705659018864 41.688425916101636 2.0707120102932848
Vegetation 0.0 2 -10 545 182 563 194 1.3002063035964966 1.6999598741531372 0.9506064653396606 22.18791705431707 1.5612648583397517 41.10250834383295 1.9834458140096767
Vegetation 0.0 2 -10 560 182 577 194 1.3002063035964966 1.6999598741531372 0.9506064653396606 24.455261830500078 1.5579297453830265 42.19212996685989 1.9834458140096767
Vegetation 0.0 0 -10 619 182 636 194 1.3002063035964966 1.6999599933624268 0.9506067633628845 29.77606491447662 1.550054051818364 40.03440354952886 2.0707120102932848
Vegetation 0.0 0 -10 611 182 630 195 1.3002063035964966 1.6999598741531372 0.9506064653396606 28.556869065601518 1.5518483240263814 39.44849258659544 1.9834458140096767
Vegetation 0.0 0 -10 604 182 622 195 1.3002063035964966 1.6999599933624268 0.9506067633628845 27.360998421098344 1.553607369991929 38.87379105629378 2.0707120102932848
Vegetation 0.0 2 -10 597 182 616 195 1.3002063035964966 1.6999598741531372 0.9506064653396606 26.29593321976408 1.5551740098739795 38.36195091380737 1.9834458140096767
Vegetation 0.0 2 -10 582 183 602 196 1.3002063035964966 1.6999598741531372 0.9506064653396606 24.02858844358107 1.5585091228307049 37.272329290780434 1.9834458140096767
Vegetation 0.0 2 -10 574 183 593 196 1.3002063035964966 1.6999599933624268 0.9506067633628845 22.832717799077884 1.5602681687962523 36.697627760478774 2.0707120102932848
Vegetation 0.0 2 -10 500 183 521 198 1.3002063035964966 1.6999599933624268 0.9506067633628845 13.509931513911667 1.5739813656858679 32.217360961232984 2.0707120102932848
Vegetation 0.0 2 -10 540 183 560 197 1.3002063035964966 1.6999599933624268 0.9506067633628845 18.196090496236806 1.5670883383424314 34.469396121355125 2.0707120102932848
Vegetation 0.0 1 -10 531 183 552 197 1.3002063035964966 1.6999598741531372 0.9506064653396606 17.13103904797198 1.5686549579946338 33.957562588203984 1.9834458140096767
Vegetation 0.0 2 -10 510 183 533 198 1.3002063035964966 1.6999598741531372 0.9506064653396606 14.705795281880157 1.5722223298352442 32.792059186867 1.9834458140096767
Vegetation 0.0 2 -10 548 183 570 197 1.3002063035964966 1.6999598741531372 0.9506064653396606 19.391961140739994 1.5653292923768838 35.04409765165678 1.9834458140096767
Vegetation 0.0 2 -10 558 183 578 196 1.3002063035964966 1.6999599933624268 0.9506067633628845 20.61115698961511 1.5635350201688665 35.630008614590196 2.0707120102932848
Vegetation 0.0 2 -10 466 183 490 199 1.3002063035964966 1.6999598741531372 0.9506064653396606 10.036360031509147 1.579090452210149 30.548060978442052 1.9834458140096767
Static 0.0 0 -10 513 191 547 205 0.7382221817970276 1.3844952583312988 1.3844952583312988 10.183556315730556 1.4667913439602769 21.524420403542287 2.1144654666716027
Static 0.0 0 -10 590 191 624 203 0.7382221817970276 1.3844947814941406 1.3844945430755615 17.09466372121868 1.5386250496623672 24.852213020162317 2.766643141082284
Static 0.0 0 -10 663 189 695 199 0.7382221817970276 1.3844952583312988 1.3844952583312988 25.81136470456545 1.5265513177303376 29.11512537372014 2.692958800041971
Vegetation 0.125 1 -10 363 -24 565 199 17.755006790161133 14.717049598693848 14.293157577514648 8.702038935792885 1.4298011870831628 36.75187864042063 1.9505717368689819
Vegetation 0.0 2 -10 495 30 675 197 14.402099609375 11.93783950805664 11.593995094299316 24.165090840982998 1.4115532293772106 39.46799770991468 0.4208525560044425
Vegetation 0.0 0 -10 301 194 302 194 0.0010250998893752694 0.10964415967464447 0.04266975447535515 -6.803412322067089 1.6414895857211778 41.968184788006546 2.148310399187686
Vegetation 0.0 0 -10 302 194 302 194 0.0009404629818163812 0.10059145092964172 0.039146747440099716 -6.615572953778511 1.64137554097892 41.539765353113204 2.3896309437314804
Vegetation 0.0 0 -10 305 194 306 194 0.0008078567334450781 0.08640794456005096 0.03362701088190079 -6.292716092755413 1.6379168660009473 41.828961380464136 0.89925256105608
Vegetation 0.0 0 -10 306 194 306 194 0.0007935344474390149 0.08487603813409805 0.03303084895014763 -6.138994523344223 1.637792998280243 41.41836013815847 2.4292672362883208
Vegetation 0.0 0 -10 307 194 308 194 0.0010613988852128386 0.11352666467428207 0.04418069124221802 -5.890269144417715 1.6354704558847095 41.05737796209813 2.106890254753684
Vegetation 0.0 0 -10 308 194 309 194 0.0008084167493507266 0.08646784722805023 0.03365032374858856 -5.7150493412115395 1.637717476264189 40.47861195417529 1.5697202765564502
Vegetation 0.0 0 -10 308 194 309 194 0.0008060832042247057 0.08621823787689209 0.03355318680405617 -5.7216995668837995 1.6391749208216595 40.30467415327532 2.58987422583162
Vegetation 0.0 0 -10 60 210 61 211 0.0008243189658969641 0.08816873282194138 0.03431225195527077 -15.898315847024705 1.6510181570139144 19.125255840829197 2.9665767641266743
Vegetation 0.0 0 -10 301 194 301 194 0.000982901779934764 0.0748625099658966 0.04125353321433067 -6.6889117123923825 1.6402368088365902 41.253874361692574 1.8539677154999863
Vegetation 0.0 0 -10 303 194 303 194 0.0008706969674676657 0.06631646305322647 0.03654417768120766 -6.478588911685051 1.6403020884999449 41.35821663380421 2.091455163964451
Vegetation 0.0 0 -10 307 194 308 194 0.0009446513722650707 0.07194919139146805 0.03964813053607941 -5.8806632780877806 1.6398494334573928 40.46553662760536 1.5953895541973422
Vegetation 0.0 0 -10 67 210 68 210 0.0008987887995317578 0.06845606863498688 0.03772322088479996 -15.66816263099723 1.6540416541305254 19.307588178135482 2.9477305051985647
Vegetation 0.0 0 -10 307 194 307 194 0.0008784724050201476 0.06690866500139236 0.03687051311135292 -6.099101351286308 1.6345256094322544 41.92550525257872 2.4187197867910615
Vegetation 0.0 0 -10 307 194 308 194 0.0010120931547135115 0.07708587497472763 0.042478736490011215 -5.848048564595345 1.6372424272868833 40.76328882193782 1.4725886996202666
Vegetation 0.0 0 -10 312 194 313 194 0.0008482299745082855 0.0646052360534668 0.035601187497377396 -5.163108732549844 1.6357235468438 39.59960568804112 2.264730219924391
Vegetation 0.0 0 -10 53 211 55 211 0.0010858665918931365 0.0827048197388649 0.045575100928545 -15.763670773408165 1.6486916078164255 18.57841693167356 1.8701378970067295
Vegetation 0.0 0 -10 65 209 66 209 0.0008154730312526226 0.06211034208536148 0.03422636166214943 -16.216998214563176 1.6519278240125432 19.85999046577379 1.0199545450885505
Vegetation 0.0 0 -10 303 194 304 194 0.0037182732485234737 0.09150134027004242 0.034891821444034576 -6.35338324847018 1.6403435689723116 40.71024938736077 2.151186080532754
Vegetation 0.0 0 -10 306 194 307 194 0.004785728175193071 0.11776992678642273 0.044908709824085236 -5.9388883834481305 1.6381650360721691 40.504503626794076 0.6584820258564141
Vegetation 0.0 0 -10 305 194 306 194 0.003460465231910348 0.08515708148479462 0.03247259184718132 -6.270053674742812 1.6389732520264393 41.60475377205521 2.8916023878543275
Vegetation 0.0 0 -10 309 194 310 194 0.0036517020780593157 0.08986315876245499 0.03426714241504669 -5.577480041187044 1.6377107656529533 40.140230991322305 0.5356353316190755
Vegetation 0.0 0 -10 313 194 314 194 0.004191690590232611 0.10315149277448654 0.03933432325720787 -5.052182089358126 1.6330957216317241 39.44911177533588 0.9375087369570135
Buildings 0.0 0 -10 444 167 458 181 1.0564154386520386 0.7665429711341858 0.7290551662445068 7.196926748639044 0.0777911628366108 28.428701443594967 2.0187803690367394
Buildings 0.0 0 -10 495 171 506 181 1.0564154386520386 0.7665429711341858 0.7290551662445068 15.048040604795077 0.11334937042690574 38.36115188187707 2.0187803690367394
Static 0.0 0 -10 576 195 599 204 0.5126523971557617 1.58349609375 0.5126523971557617 15.006490566833463 1.5417805649855223 23.680740153794893 2.0187803690367394
Static 0.0 0 -10 615 194 636 202 0.5126523971557617 1.58349609375 0.5126523971557617 18.845240418938133 1.5361303617200035 25.52553451152817 2.0187803690367394
Static 0.0 0 -10 656 192 674 200 0.5126523971557617 1.58349609375 0.5126523971557617 23.61103655507449 1.5291238516732963 27.815841027558257 2.0187803690367394
Static 0.0 0 -10 684 192 701 198 0.5126523971557617 1.58349609375 0.5126523971557617 27.449793283713873 1.5234736382928538 29.66063868995917 2.0187803690367394
Static 0.0 0 -10 345 182 352 196 1.2140138149261475 0.5437172055244446 0.37456512451171875 -1.00748836479751 1.4833028502014671 32.99930212891213 0.42931954405813144
Static 0.0 0 -10 549 183 557 197 1.2140138149261475 0.5437172055244446 0.37456512451171875 16.791519480421442 1.5346373555528925 31.269141649325242 2.0187803690367394
Static 0.0 1 -10 646 182 653 194 1.2140138149261475 0.5437172055244446 0.37456512451171875 30.547518081993076 1.516185534503411 37.89429867865361 2.0187803690367394
Dynamic 0.0 0 -10 22 196 25 197 0.007208478171378374 0.13480760157108307 0.21108463406562805 -32.96934504853256 1.679769592781495 35.36803676804717 2.556920769845684
Dynamic 0.0 0 -10 483 234 490 235 0.005253213457763195 0.15343409776687622 0.12558907270431519 3.7737594046492546 1.6255968077025948 10.703963199696545 0.4719363799279607
Dynamic 0.0 0 -10 458 232 464 233 0.005328621249645948 0.15563657879829407 0.12739184498786926 3.0813157147585173 1.6266170619102793 10.946893539726254 0.3520737576920559
Dynamic 0.0 0 -10 345 236 356 238 0.01898559369146824 0.18891826272010803 0.2674321234226227 -0.24634360476974848 1.6315142150856536 10.149073595251785 2.4380819000223193
Dynamic 0.0 0 -10 333 210 346 211 0.006424764171242714 0.48104140162467957 0.6526862978935242 -1.1076597554610146 1.6328083971594587 18.876527695165798 0.39120851043660676
Dynamic 0.0 0 -10 119 206 136 207 0.007005174178630114 0.5244984030723572 0.7116495966911316 -14.309713809101211 1.6522569061807928 22.319125761289754 2.435978934867538
Dynamic 0.0 0 -10 274 196 283 197 0.006871973164379597 0.5145252346992493 0.6981179118156433 -7.8475703490857 1.6427803863660344 35.10920482381816 2.4728581233268465
Dynamic 0.0 0 -10 116 206 132 207 0.006976887583732605 0.522380530834198 0.70877605676651 -14.399655162485658 1.6523885210012257 22.046755410458026 2.9550957435092884
Dynamic 0.0 0 -10 122 197 131 197 0.006404489278793335 0.47952333092689514 0.6506265997886658 -22.281175267063972 1.6640301123273789 34.49974119214936 2.3822794872793986
Dynamic 0.0 0 -10 261 193 265 193 0.01547146961092949 0.5016211867332458 0.5018327832221985 -11.843332540076645 1.6551102279926468 44.055580596998645 0.4464275577427458
Poles 0.0 0 -10 556 45 569 50 0.10929809510707855 0.4117761254310608 0.2957368493080139 6.059184459598185 1.472845943979825 16.280359663302484 1.8442413185667992
Poles 0.0 0 -10 487 39 572 213 7.753437519073486 3.833437442779541 0.439208060503006 6.059184459598185 1.472845943979825 16.280359663302484 1.8442413185667992
TrafficSigns 0.0 0 -10 492 145 498 163 0.7619999051094055 0.5155503153800964 0.009999999776482582 6.059184459598185 1.472845943979825 16.280359663302484 1.8442413185667992
Other 0.0 0 -10 460 65 527 135 3.052478551864624 0.21492932736873627 3.0425829887390137 6.059184459598185 1.472845943979825 16.280359663302484 1.8442413185667992
Poles 0.0 0 -10 556 45 568 50 0.10813476145267487 0.40739011764526367 0.29258644580841064 6.059184459598185 1.472845943979825 16.280359663302484 1.8442413185667992
Poles 0.0 0 -10 368 118 373 120 0.10929809510707855 0.4117761254310608 0.2957368493080139 -1.9169314017180739 1.4846456306834181 34.63688945793411 2.018776107978995
Poles 0.0 0 -10 337 114 374 195 7.753437519073486 3.833437442779541 0.439208060503006 -1.9169314017180739 1.4846456306834181 34.63688945793411 2.018776107978995
TrafficSigns 0.0 0 -10 339 164 341 172 0.7619999051094055 0.5155503153800964 0.009999999776482582 -1.9169314017180739 1.4846456306834181 34.63688945793411 2.018776107978995
Other 0.0 0 -10 324 126 354 159 3.052478551864624 0.21492932736873627 3.0425829887390137 -1.9169314017180739 1.4846456306834181 34.63688945793411 2.018776107978995
Poles 0.0 0 -10 368 118 373 120 0.10813476145267487 0.40739011764526367 0.29258644580841064 -1.9169314017180739 1.4846456306834181 34.63688945793411 2.018776107978995
Poles 0.0 0 -10 109 65 119 70 0.10929809510707855 0.4117761254310608 0.2957368493080139 -16.18420648979611 1.5056025624596827 17.956252201647466 2.0187803690367394
Poles 0.0 0 -10 28 52 122 210 7.753437519073486 3.833437442779541 0.439208060503006 -16.18420648979611 1.5056025624596827 17.956252201647466 2.0187803690367394
Other 0.5 1 -10 -6 74 74 141 3.052478551864624 0.21492932736873627 3.0425829887390137 -16.18420648979611 1.5056025624596827 17.956252201647466 2.0187803690367394
Poles 0.0 0 -10 109 65 119 70 0.10813476145267487 0.40739011764526367 0.29258644580841064 -16.18420648979611 1.5056025624596827 17.956252201647466 2.0187803690367394
TrafficSigns 0.0 0 -10 0 171 5 181 0.7619999051094055 0.263102650642395 0.009999999776482582 -28.024946040143206 1.5393955140154536 28.288293163565655 0.44798337645157005
Poles 0.5 2 -10 689 141 735 197 4.685649871826172 2.0568554401397705 2.300708055496216 30.289184045815404 1.486734472819732 31.125219542169027 2.0187803690367394
Poles 0.5 1 -10 690 154 734 160 0.32664671540260315 1.9347323179244995 2.178541898727417 30.289184045815404 1.486734472819732 31.125219542169027 2.0187803690367394
Poles 0.5 1 -10 690 154 733 160 0.3244769275188446 1.9323431253433228 2.1761527061462402 30.289184045815404 1.486734472819732 31.125219542169027 2.0187803690367394
Poles 0.0 0 -10 532 125 588 205 4.685649871826172 2.0568554401397705 2.300708055496216 12.2627609073012 1.513250139075784 22.462231608492345 2.0187803690367394
Poles 0.0 0 -10 533 144 586 153 0.32664671540260315 1.9347323179244995 2.178541898727417 12.2627609073012 1.513250139075784 22.462231608492345 2.0187803690367394
Poles 0.0 0 -10 533 144 586 153 0.3244769275188446 1.9323431253433228 2.1761527061462402 12.2627609073012 1.513250139075784 22.462231608492345 2.0187803690367394
Poles 0.0 0 -10 622 134 673 201 4.685649871826172 2.0568554401397705 2.300708055496216 21.27597247655831 1.499992305947758 26.793725575330683 2.0187803690367394
Poles 0.0 0 -10 624 150 672 157 0.32664671540260315 1.9347323179244995 2.178541898727417 21.27597247655831 1.499992305947758 26.793725575330683 2.0187803690367394
Poles 0.0 0 -10 624 150 672 157 0.3244769275188446 1.9323431253433228 2.1761527061462402 21.27597247655831 1.499992305947758 26.793725575330683 2.0187803690367394
Pedestrian 0.0 0 -10 65 177 71 199 1.8600000143051147 0.3753577768802643 0.3753577768802643 -25.343203781682845 1.662908162920351 31.34337138583315 0.7555115038543067
Pedestrian 0.0 0 -10 69 177 76 198 1.8600000143051147 0.3753577768802643 0.3753577768802643 -26.326252910811263 1.6643605819188734 33.02489967225173 0.8682210085603129
Pedestrian 0.0 0 -10 376 175 383 198 1.8600000143051147 0.3753577768802643 0.3753577768802643 1.6317949170873334 1.4731848237824583 29.281828753751633 0.39717985023278246
Car 0.0 0 -10 106 181 166 198 1.5347249507904053 5.0078253746032715 1.8816219568252563 -21.154142708280474 1.66469290069927 34.123577576107614 1.3306824605410172