Static 0.5 1 -10 429 122 552 191 9.000044822692871 14.399999618530273 15.0 9.965642998483727 1.3803102559348879 48.61274542317106 2.9914663514241755
Motorcycle 0.0 0 -10 332 182 354 198 1.2511454820632935 2.2094459533691406 0.8670341968536377 -1.3373101930605404 1.5125617721673308 30.144326086292224 2.8169329268820382
Motorcycle 0.0 0 -10 340 183 361 199 1.2356280088424683 1.8046668767929077 0.8556876182556152 -0.7071587615602866 1.5117832576754786 28.505854560117385 2.81693395885696
Motorcycle 0.0 0 -10 349 182 372 200 1.2765705585479736 2.3557403087615967 0.763678789138794 0.09768952755388227 1.5201779435267664 27.437545958990214 2.816922507264273
Car 0.0 0 -10 203 183 251 196 1.300939917564392 4.717525005340576 1.894826889038086 -13.920140648092767 1.6691497708315912 38.04281440577475 0.8970727803486067
Bicycle 0.0 0 -10 412 184 420 196 1.023902416229248 1.6428436040878296 0.3725162446498871 5.270352377665816 1.4906858962872636 34.64793017021938 2.9914663514241755
Car 0.0 0 -10 169 181 218 195 1.4519524574279785 4.673638820648193 2.0022923946380615 -18.850091715635816 1.6816772296263267 41.03138319594336 1.071605239494849
Static 0.0 0 -10 371 182 374 191 1.2140138149261475 0.5437172055244446 0.37456512451171875 1.7570275674078424 1.5216368723650988 48.95292585722409 3.0062574388872587
Poles 0.0 0 -10 498 117 512 195 7.608908653259277 0.8452807664871216 1.1107103824615479 5.470988070949113 1.5020466278355937 -24.26790315361621 2.9914663514241755
Poles 0.0 1 -10 193 131 207 193 7.608907699584961 1.1106011867523193 1.1126819849014282 -31.359765817268343 1.7139843976188998 24.033635193434463 2.9914663514241755
Dynamic 0.0 0 -10 139 194 141 194 0.005253213457763195 0.15343409776687622 0.12558907270431519 -25.95917963335051 1.6968476459116215 42.47782420531766 1.4446223623153969
Dynamic 0.0 0 -10 131 194 133 194 0.005328621249645948 0.15563657879829407 0.12739184498786926 -26.549838491509554 1.698366808231805 42.04237700512019 1.3247597400794922
Dynamic 0.0 0 -10 188 207 194 208 0.02052634209394455 0.20424965023994446 0.2891351878643036 -9.882283957402969 1.656064910906716 21.08625445624439 0.22984263649593228
Poles 0.0 0 -10 62 59 74 64 0.10929809510707855 0.4117761254310608 0.2957368493080139 -17.94138873625407 1.5273505624210388 17.167540192529373 2.4678547260736168
Poles 0.5 1 -10 -25 47 77 212 7.753437519073486 3.833437442779541 0.439208060503006 -17.94138873625407 1.5273505624210388 17.167540192529373 2.4678547260736168
Other 0.5 1 -10 -61 70 25 140 3.052478551864624 0.21492932736873627 3.0425829887390137 -17.94138873625407 1.5273505624210388 17.167540192529373 2.4678547260736168
Poles 0.0 0 -10 62 59 74 64 0.10813476145267487 0.40739011764526367 0.29258644580841064 -17.94138873625407 1.5273505624210388 17.167540192529373 2.4678547260736168
Poles 0.0 0 -10 541 38 552 45 0.10929809510707855 0.4117761254310608 0.2957368493080139 5.365666757726684 1.467693228824438 17.459698906593047 2.031529403872896
Poles 0.0 0 -10 464 34 555 213 7.753437519073486 3.833437442779541 0.439208060503006 5.365666757726684 1.467693228824438 17.459698906593047 2.031529403872896
TrafficSigns 0.0 0 -10 470 147 473 164 0.7619999051094055 0.5155503153800964 0.009999999776482582 5.365666757726684 1.467693228824438 17.459698906593047 2.031529403872896
Other 0.0 0 -10 438 69 504 139 3.052478551864624 0.21492932736873627 3.0425829887390137 5.365666757726684 1.467693228824438 17.459698906593047 2.031529403872896
Poles 0.0 0 -10 542 38 552 45 0.10813476145267487 0.40739011764526367 0.29258644580841064 5.365666757726684 1.467693228824438 17.459698906593047 2.031529403872896
Poles 0.0 0 -10 354 109 359 111 0.10929809510707855 0.4117761254310608 0.2957368493080139 -3.577848448218962 1.4903583996277021 31.08668924982625 2.2933301232525904
Poles 0.0 0 -10 315 106 360 197 7.753437519073486 3.833437442779541 0.439208060503006 -3.577848448218962 1.4903583996277021 31.08668924982625 2.2933301232525904
TrafficSigns 0.0 0 -10 318 162 319 171 0.7619999051094055 0.5155503153800964 0.009999999776482582 -3.577848448218962 1.4903583996277021 31.08668924982625 2.2933301232525904
Other 0.0 0 -10 300 121 336 156 3.052478551864624 0.21492932736873627 3.0425829887390137 -3.577848448218962 1.4903583996277021 31.08668924982625 2.2933301232525904
Poles 0.0 0 -10 354 109 359 111 0.10813476145267487 0.40739011764526367 0.29258644580841064 -3.577848448218962 1.4903583996277021 31.08668924982625 2.2933301232525904
Poles 0.0 0 -10 253 128 258 129 0.10929809510707855 0.4117761254310608 0.2957368493080139 -14.793410880340495 1.518900289544333 40.525853654581 2.64239490838702
Poles 0.0 0 -10 225 124 259 193 7.753437519073486 3.833437442779541 0.439208060503006 -14.793410880340495 1.518900289544333 40.525853654581 2.64239490838702
TrafficSigns 0.0 0 -10 228 166 230 173 0.7619999051094055 0.5155503153800964 0.009999999776482582 -14.793410880340495 1.518900289544333 40.525853654581 2.64239490838702
Other 0.0 0 -10 214 134 242 162 3.052478551864624 0.21492932736873627 3.0425829887390137 -14.793410880340495 1.518900289544333 40.525853654581 2.64239490838702
Poles 0.0 0 -10 253 128 258 129 0.10813476145267487 0.40739011764526367 0.29258644580841064 -14.793410880340495 1.518900289544333 40.525853654581 2.64239490838702
Poles 0.0 0 -10 405 70 430 79 0.13979004323482513 2.2727365493774414 2.2727365493774414 5.58063262280713 1.4796087106598208 34.51382948069681 2.9914663514241755
Poles 0.0 0 -10 405 60 431 196 12.53104019165039 2.367814302444458 2.367814779281616 5.58063262280713 1.4796087106598208 34.51382948069681 2.9914663514241755
Poles 0.0 0 -10 405 70 430 79 0.13979004323482513 2.2755773067474365 2.2755773067474365 5.58063262280713 1.4796087106598208 34.51382948069681 2.9914663514241755
Poles 0.0 0 -10 405 154 423 192 4.685649871826172 2.0568554401397705 2.300708055496216 6.942536370874262 1.5070808612467643 45.98452007231519 2.9914663514241755
Poles 0.0 0 -10 405 163 423 166 0.32664671540260315 1.9347323179244995 2.178541898727417 6.942536370874262 1.5070808612467643 45.98452007231519 2.9914663514241755
Poles 0.0 0 -10 405 163 423 166 0.3244769275188446 1.9323431253433228 2.1761527061462402 6.942536370874262 1.5070808612467643 45.98452007231519 2.9914663514241755
Poles 0.0 0 -10 264 154 287 192 4.685649871826172 2.0568554401397705 2.300708055496216 -10.727577724778694 1.5120095265927112 45.62525845815486 2.9914663514241755
Poles 0.0 0 -10 264 163 286 166 0.32664671540260315 1.9347323179244995 2.178541898727417 -10.727577724778694 1.5120095265927112 45.62525845815486 2.9914663514241755
Poles 0.0 0 -10 264 163 286 166 0.3244769275188446 1.9323431253433228 2.1761527061462402 -10.727577724778694 1.5120095265927112 45.62525845815486 2.9914663514241755
Poles 0.0 1 -10 335 153 357 192 4.685649871826172 2.0568554401397705 2.300708055496216 -1.6516293617643 1.5028056070169904 43.52112115839567 2.9914663514241755
Poles 0.0 0 -10 336 162 356 165 0.32664671540260315 1.9347323179244995 2.178541898727417 -1.6516293617643 1.5028056070169904 43.52112115839567 2.9914663514241755
Poles 0.0 0 -10 336 162 356 165 0.3244769275188446 1.9323431253433228 2.1761527061462402 -1.6516293617643 1.5028056070169904 43.52112115839567 2.9914663514241755
Poles 0.0 0 -10 522 141 558 197 4.685649871826172 2.0568554401397705 2.300708055496216 15.634338064810992 1.4746531877237117 31.09948252658984 2.9914663514241755
Poles 0.0 0 -10 523 154 557 159 0.32664671540260315 1.9347323179244995 2.178541898727417 15.634338064810992 1.4746531877237117 31.09948252658984 2.9914663514241755
Poles 0.0 0 -10 523 154 557 159 0.3244769275188446 1.9323431253433228 2.1761527061462402 15.634338064810992 1.4746531877237117 31.09948252658984 2.9914663514241755
Poles 0.0 0 -10 560 123 618 205 4.685649871826172 2.0568554401397705 2.300708055496216 13.670038133066434 1.459863966140926 21.379746336199034 2.9914663514241755
Poles 0.0 0 -10 562 142 616 151 0.32664671540260315 1.9347323179244995 2.178541898727417 13.670038133066434 1.459863966140926 21.379746336199034 2.9914663514241755
Poles 0.0 0 -10 562 142 616 151 0.3244769275188446 1.9323431253433228 2.1761527061462402 13.670038133066434 1.459863966140926 21.379746336199034 2.9914663514241755
Pedestrian 0.0 0 -10 364 175 370 197 1.8600000143051147 0.3753577768802643 0.3753577768802643 0.619965623547694 1.4734055469484972 30.254041501588247 0.45544636941905586
Car 0.0 0 -10 69 180 128 212 1.6506516933441162 5.0267767906188965 2.1515462398529053 -15.33697241679647 1.5313009191044764 21.02669472370188 0.764761810808372