Buildings 0.0 0 -10 664 161 708 176 1.393420696258545 4.009795665740967 0.5621825456619263 32.343806001039326 -0.39799927938084845 36.013138497411944 0.03459073413460301
Buildings 0.5 1 -10 704 159 754 175 1.393420696258545 4.009795665740967 0.5621825456619263 32.47920440672915 -0.3981335455848556 32.02581082245007 0.03459073413460301
Buildings 0.0 1 -10 547 180 583 192 1.393420696258545 3.9378600120544434 0.562182605266571 23.939733223755496 1.4722375258822609 42.5571701104568 0.03426622795577705
Buildings 0.0 1 -10 567 180 607 193 1.393420696258545 3.9378600120544434 0.562182605266571 24.07163801354025 1.4721061254556798 38.64134023273207 0.03426622795577705
Buildings 0.0 1 -10 592 180 636 195 1.393420696258545 3.9378600120544434 0.562182605266571 24.20352766883984 1.4719747314544454 34.725506073665315 0.03426622795577705
Buildings 0.0 1 -10 623 180 673 197 1.393420696258545 3.9378600120544434 0.562182605266571 24.335447710220393 1.471843324479441 30.8096766643834 0.03426622795577705
Buildings 0.25 2 -10 663 181 721 199 1.393420696258545 3.9378600120544434 0.562182605266571 24.467352734226466 1.471711923806707 26.893839160860253 0.03426622795577705
Buildings 0.0 1 -10 485 180 517 191 1.393420696258545 3.8981313705444336 0.562182605266571 18.025412383636805 1.4748172465486222 44.97063377878749 1.6134929243393739
Buildings 0.0 1 -10 454 180 487 191 1.393420696258545 3.8981313705444336 0.562182605266571 14.15018037350859 1.4764803760755512 44.81283295401151 1.6134929243393739
Buildings 0.0 2 -10 450 180 486 192 1.393420696258545 4.150892734527588 0.562182605266571 12.440914265306105 1.4771821046335476 42.6264775136642 0.033776206315202284
Buildings 0.0 0 -10 460 180 501 193 1.393420696258545 4.150892734527588 0.562182605266571 12.578266557392098 1.4770443203300285 38.49874370906167 0.033776206315202284
Buildings 0.0 0 -10 474 180 519 195 1.393420696258545 4.150892734527588 0.562182605266571 12.715626475276025 1.4769065327522977 34.371010138680546 0.033776206315202284
Buildings 0.0 0 -10 491 180 543 197 1.393420696258545 4.150892734527588 0.562182605266571 12.852978767362018 1.4767687484487784 30.24327633407802 0.033776206315202284
Buildings 0.0 0 -10 514 181 574 200 1.393420696258545 4.150892734527588 0.562182605266571 12.99033868524593 1.4766309608710475 26.1155427636969 0.033776206315202284
Buildings 0.0 0 -10 544 181 617 204 1.393420696258545 4.150892734527588 0.562182605266571 13.127698486019185 1.476493173416393 21.98781300621499 0.033776206315202284
Buildings 0.0 0 -10 589 181 680 210 1.393420696258545 4.150892734527588 0.562182605266571 13.265050778105191 1.4763553891128738 17.86007920161246 0.033776206315202284
Buildings 0.25 2 -10 631 175 748 200 2.002869129180908 3.799999952316284 7.222742557525635 27.255711961238276 1.6230656189689625 36.047910703234606 0.030705714736395162
Buildings 0.0 1 -10 604 175 702 197 2.002869129180908 3.799999952316284 7.222742557525635 27.139052525611874 1.6231882212637325 39.846118807198025 0.030705714736395162
Vegetation 0.0 1 -10 540 182 558 193 1.3002063035964966 1.6999601125717163 0.9506068229675293 23.244748919740886 1.5845375868114924 44.04437458543414 3.0496961522769195
Vegetation 0.0 2 -10 546 182 565 194 1.3002063035964966 1.699960470199585 0.9506067633628845 23.32608958457962 1.5844787226677595 42.79174181145092 0.08263655704461371
Vegetation 0.0 2 -10 464 182 480 194 1.3002063035964966 1.6999601125717163 0.9506068229675293 13.009642485886161 1.5889849611381524 41.4117556880805 3.0496961522769195
Vegetation 0.0 1 -10 461 182 478 194 1.3002063035964966 1.6999601125717163 0.9506067633628845 13.023408069114694 1.5890006221263657 42.54313988515113 3.136962614876636
Vegetation 0.0 1 -10 458 182 474 193 1.3002063035964966 1.6999601125717163 0.9506067633628845 12.983680267569483 1.5890423737395933 43.83660112102477 3.136962614876636
Vegetation 0.0 1 -10 488 183 510 197 1.3002063035964966 1.6999601125717163 0.9506067633628845 13.279902555024051 1.5887310613111647 34.19216998913023 3.136962614876636
Vegetation 0.0 2 -10 498 183 522 199 1.3002063035964966 1.699960470199585 0.9506067633628845 13.347485613764164 1.588656532535777 31.808141813600173 0.08263655704461371
Vegetation 0.0 1 -10 493 183 514 198 1.3002063035964966 1.6999601125717163 0.9506068229675293 13.266136971795518 1.588715400322951 33.0607857920596 3.0496961522769195
Static 0.0 0 -10 84 192 118 199 0.4415639042854309 1.539812445640564 1.539812445640564 -20.72591581562122 1.4911761225842939 28.91362133089357 3.120567396257781
Vegetation 0.375 2 -10 -91 -49 202 203 15.391246795654297 12.757740020751953 12.390281677246094 -20.725963237236257 1.3808793738356107 28.913623434637103 3.120567396257781
Vegetation 0.0 2 -10 467 46 623 196 13.627312660217285 11.29561710357666 10.9702730178833 17.659637174370417 1.4116640525403334 38.12893409094872 1.5609836434423907
Vegetation 0.0 0 -10 24 202 25 202 0.0010442741913720965 0.1116950586438179 0.043467894196510315 -24.65753372348317 1.6413798835204394 26.512590766450167 1.021734535382132
Vegetation 0.0 0 -10 28 202 30 202 0.001034651417285204 0.11066577583551407 0.0430673286318779 -23.964639579017387 1.6403073768480305 26.10471140371294 1.8058147003561
Vegetation 0.0 0 -10 495 213 498 213 0.0010250998893752694 0.10964415967464447 0.04266975447535515 6.7055916813652345 1.628792310307021 17.59432743553434 1.731031006417803
Vegetation 0.0 0 -10 499 214 501 214 0.0009404629818163812 0.10059145092964172 0.039146747440099716 6.703685930828854 1.6289480074800178 17.12654202324564 1.9723515509615974
Vegetation 0.0 0 -10 53 201 54 201 0.0008505465812049806 0.09097401052713394 0.03540397062897682 -22.86547464969169 1.6394949226398132 26.87315469710004 0.9953541271511614
Vegetation 0.0 0 -10 44 201 45 201 0.0008843794348649681 0.09459277987480164 0.03681226819753647 -23.691291263799002 1.6362031858120276 27.086932047062767 2.175466453086142
Vegetation 0.0 0 -10 25 201 27 201 0.0009376606903970242 0.10029169917106628 0.03903009742498398 -25.02876770235541 1.6366556721005705 27.045699674707055 2.2521631622144707
Vegetation 0.0 0 -10 507 213 509 213 0.0008078567334450781 0.08640794456005096 0.03362701088190079 7.116046913176106 1.6257890909144637 17.260075952272437 0.48197316828619696
Vegetation 0.0 0 -10 510 214 512 214 0.0007935344474390149 0.08487603813409805 0.03303084895014763 7.090172130288607 1.6258955579994814 16.822406903866327 2.0119878435184377
Vegetation 0.0 0 -10 515 215 518 215 0.0010613988852128386 0.11352666467428207 0.04418069124221802 7.171260675121815 1.6238972272066141 16.3915954711912 1.6896108619838008
Vegetation 0.0 0 -10 520 216 522 217 0.0008084167493507266 0.08646784722805023 0.03365032374858856 7.096884358719905 1.6264244891301334 15.791479742261437 1.152440883786567
Vegetation 0.0 0 -10 521 217 522 217 0.0008060832042247057 0.08621823787689209 0.03355318680405617 7.020310828142669 1.627902600068222 15.635162700486092 2.172594833061737
Vegetation 0.0 0 -10 4 198 6 198 0.0007812817930243909 0.08356548845767975 0.032520826905965805 -28.603259703115867 1.4913633580786672 29.054140303171792 1.9847200034332255
Vegetation 0.0 0 -10 82 199 84 199 0.0008284072391688824 0.08860601484775543 0.034482426941394806 -21.170498233525464 1.4882886746189803 27.58398123938776 2.300921380716077
Vegetation 0.0 0 -10 64 198 66 198 0.0010994415497407317 0.11759569495916367 0.045764222741127014 -23.140737586635822 1.4874328410829254 28.292849409514115 2.892672579138376
Vegetation 0.0 0 -10 106 199 107 199 0.0009062537574209273 0.09693244099617004 0.03772278502583504 -19.594967958144807 1.4880086406440562 27.870132690664082 0.5779219355137353
Vegetation 0.0 0 -10 117 198 118 198 0.0009065910126082599 0.09696851670742035 0.03773682564496994 -19.074915737698277 1.4874955399775507 28.365877500128178 0.26459690536622293
Vegetation 0.0 0 -10 114 199 115 199 0.0008791793952696025 0.06696251779794693 0.03690018877387047 -19.032277863026565 1.487718351208911 28.02591218153397 1.8175121028120556
Vegetation 0.0 0 -10 77 199 79 199 0.003994482569396496 0.09829846769571304 0.03748374432325363 -21.54831683236091 1.4876300835506018 27.528078742837906 2.0272890355614877
Vegetation 0.0 0 -10 73 198 74 198 0.003520349971950054 0.08663076907396317 0.0330345444381237 -22.657180777309165 1.4895879784030648 28.561555708961606 2.557008421135061
Vegetation 0.0 0 -10 105 199 106 199 0.0042710029520094395 0.1051032617688179 0.04007858783006668 -19.724548466442343 1.487245944308381 28.004909088068462 2.765637131980506
Vegetation 0.0 0 -10 113 199 115 199 0.0048168315552175045 0.11853531748056412 0.04520057514309883 -19.051911742459808 1.486318239757296 27.945929881056674 3.0055192366405215
Vegetation 0.0 0 -10 497 214 499 214 0.000982901779934764 0.0748625099658966 0.04125353321433067 6.520776683751237 1.6277763699799102 16.894903588335744 1.4366883227301035
Vegetation 0.0 0 -10 502 214 504 214 0.0008706969674676657 0.06631646305322647 0.03654417768120766 6.755339863056989 1.6280503545431262 16.90505436635356 1.6741757711945682
Vegetation 0.0 0 -10 516 216 518 217 0.0009446513722650707 0.07194919139146805 0.03964813053607941 6.940179955270835 1.6283810658487452 15.846646661772528 1.1781101614274594
Vegetation 0.0 0 -10 512 213 513 213 0.0008784724050201476 0.06690866500139236 0.03687051311135292 7.332178344053759 1.6225898832222336 17.269866814319954 2.001440394021179
Vegetation 0.0 0 -10 517 216 519 216 0.0010120931547135115 0.07708587497472763 0.042478736490011215 7.090669976330531 1.62576143272057 16.105630784795128 1.0553093068503836
Vegetation 0.0 0 -10 535 219 537 219 0.0008482299745082855 0.0646052360534668 0.035601187497377396 7.245228224723405 1.6251624653458736 14.764208157566818 1.8474508271545078
Vegetation 0.0 0 -10 505 215 507 216 0.0037182732485234737 0.09150134027004242 0.034891821444034576 6.607197397720967 1.6283295412424763 16.261943384579506 1.7339066877628708
Vegetation 0.0 0 -10 514 216 517 216 0.004785728175193071 0.11776992678642273 0.044908709824085236 6.902744764621701 1.6266280500064476 15.905866258060943 0.24120263308653112
Vegetation 0.0 0 -10 51 201 52 201 0.004159789066761732 0.10236644744873047 0.03903496637940407 -23.213750517202485 1.6350499606566453 27.139424723909627 2.6409497939557594
Vegetation 0.0 0 -10 42 201 43 201 0.0036053659860044718 0.08872291445732117 0.03383233770728111 -23.91278224913391 1.634498113109797 27.17701472616547 1.064478270877904
Vegetation 0.0 0 -10 67 201 68 201 0.0037513768766075373 0.09231599420309067 0.035202477127313614 -22.030273489266165 1.634971415749583 27.163886049416057 2.3090165914815914
Vegetation 0.0 0 -10 77 201 78 201 0.004000633955001831 0.09844985604286194 0.0375414714217186 -21.07585044210913 1.6383377556797258 26.91115370786317 0.7274782712718055
Vegetation 0.0 0 -10 86 201 88 201 0.004084000363945961 0.10050138086080551 0.038323767483234406 -20.48738949669533 1.6372781927176665 27.035051734228833 2.1500588976013777
Vegetation 0.0 0 -10 507 214 509 214 0.003460465231910348 0.08515708148479462 0.03247259184718132 7.045898124458446 1.6269055869736626 17.0459226128536 2.4743229950844445
Vegetation 0.0 0 -10 524 217 526 218 0.0036517020780593157 0.08986315876245499 0.03426714241504669 7.08551220760755 1.626619264768504 15.426380274575566 0.1183559388491925
Vegetation 0.0 0 -10 539 219 540 220 0.004191690590232611 0.10315149277448654 0.03933432325720787 7.285647776475869 1.622677555707448 14.581670140113205 0.5202293441871306
Static 0.0 0 -10 39 192 65 199 0.5126523971557617 1.58349609375 0.5126523971557617 -24.266111662834945 1.4950882708592765 28.39248350261648 1.6015009762668562
Static 0.25 0 -10 -2 192 24 199 0.5126523971557617 1.58349609375 0.5126523971557617 -27.41462822885643 1.4964401175233721 28.29577886991631 1.6015009762668562
Buildings 0.0 0 -10 456 172 463 180 1.0564154386520386 0.7665429711341858 0.7290551662445068 12.41804444377496 0.08381038196849011 44.705260904095496 1.6015009762668562
Static 0.0 0 -10 417 166 461 195 2.738938331604004 3.8760783672332764 1.893609881401062 8.181212020546923 1.4788714957089415 35.339144538105224 0.030704383155850667
Static 0.0 0 -10 122 183 131 198 1.2140138149261475 0.5437172055244446 0.37456512451171875 -18.832399863268634 1.4903657963219579 29.111947893605816 1.6015009762668562
Dynamic 0.0 0 -10 34 206 38 206 0.007208478171378374 0.13480760157108307 0.21108463406562805 -19.890068909643816 1.6400880370929123 22.164909048593426 2.139641377075801
Dynamic 0.0 0 -10 436 228 463 231 0.006871973164379597 0.5145252346992493 0.6981179118156433 2.971255621513947 1.6300602040965542 11.747054022975341 2.055578730556964
Dynamic 0.0 0 -10 129 213 144 215 0.006404489278793335 0.47952333092689514 0.6506265997886658 -10.470886541955224 1.6359405400964082 17.039467536895927 1.9650000945095156
Dynamic 0.0 0 -10 404 206 414 207 0.01547146961092949 0.5016211867332458 0.5018327832221985 2.9440805776286822 1.6366787228671615 21.545172328767727 0.02914816497286276
Dynamic 0.0 0 -10 312 195 319 196 0.03543085977435112 0.4343317747116089 0.6127240061759949 -4.306513784981291 1.633657070976199 36.27435853597837 2.398085481507073
Poles 0.0 1 -10 435 134 439 136 0.10929809510707855 0.4117761254310608 0.2957368493080139 7.271907194353076 1.4795186934549343 48.90194193027199 1.601496715209112
Poles 0.0 0 -10 411 133 440 190 7.753437519073486 3.833437442779541 0.439208060503006 7.271907194353076 1.4795186934549343 48.90194193027199 1.601496715209112
Other 0.5 1 -10 410 141 416 165 3.052478551864624 0.21492932736873627 3.0425829887390137 7.271907194353076 1.4795186934549343 48.90194193027199 1.601496715209112
Poles 0.0 1 -10 436 134 439 136 0.10813476145267487 0.40739011764526367 0.29258644580841064 7.271907194353076 1.4795186934549343 48.90194193027199 1.601496715209112
Poles 0.0 0 -10 493 103 499 105 0.10929809510707855 0.4117761254310608 0.2957368493080139 7.667333610270973 1.478967263665796 28.90465950733868 1.601496715209112
Poles 0.0 0 -10 452 101 501 198 7.753437519073486 3.833437442779541 0.439208060503006 7.667333610270973 1.478967263665796 28.90465950733868 1.601496715209112
Other 0.0 0 -10 436 116 474 154 3.052478551864624 0.21492932736873627 3.0425829887390137 7.667333610270973 1.478967263665796 28.90465950733868 1.601496715209112
Poles 0.0 0 -10 493 103 499 105 0.10813476145267487 0.40739011764526367 0.29258644580841064 7.667333610270973 1.478967263665796 28.90465950733868 1.601496715209112
TrafficSigns 0.0 0 -10 683 116 704 149 0.7619999051094055 0.5155503153800964 0.009999999776482582 8.201740427422976 1.478356161124036 8.911638143786703 1.601496715209112
Poles 0.0 0 -10 279 127 283 128 0.10929809510707855 0.4117761254310608 0.2957368493080139 -12.48970167260076 1.4878857353736714 42.054807287683005 1.6015009762668562
Poles 0.0 0 -10 250 126 284 192 7.753437519073486 3.833437442779541 0.439208060503006 -12.48970167260076 1.4878857353736714 42.054807287683005 1.6015009762668562
Other 0.0 0 -10 239 136 266 162 3.052478551864624 0.21492932736873627 3.0425829887390137 -12.48970167260076 1.4878857353736714 42.054807287683005 1.6015009762668562
Poles 0.0 0 -10 279 127 283 128 0.10813476145267487 0.40739011764526367 0.29258644580841064 -12.48970167260076 1.4878857353736714 42.054807287683005 1.6015009762668562
Poles 0.0 1 -10 84 101 92 103 0.10929809510707855 0.4117761254310608 0.2957368493080139 -17.875599959129275 1.5062643012187875 28.208182452528927 0.030704516313905028
Poles 0.0 1 -10 82 99 136 199 7.753437519073486 3.833437442779541 0.439208060503006 -17.875599959129275 1.5062643012187875 28.208182452528927 0.030704516313905028
TrafficSigns 0.0 0 -10 129 178 133 188 0.7619999051094055 0.263102650642395 0.009999999776482582 -17.875599959129275 1.5062643012187875 28.208182452528927 0.030704516313905028
Poles 0.0 1 -10 84 101 92 103 0.10813476145267487 0.40739011764526367 0.29258644580841064 -17.875599959129275 1.5062643012187875 28.208182452528927 0.030704516313905028
Poles 0.0 1 -10 464 179 469 184 0.5626106262207031 0.5758585333824158 0.33124998211860657 13.042674388531822 0.21331141368180107 43.968260345083074 2.474166800686511
Car 0.0 0 -10 344 181 360 195 1.4738311767578125 4.1928300857543945 1.8161858320236206 -0.8606501961330935 1.6403096468107103 41.353540601097805 0.0245048104542551
Car 0.0 0 -10 374 180 396 196 1.5749659538269043 5.365678787231445 1.8007241487503052 2.698920008295417 1.614625374348468 38.826271584278395 0.024678315399273763
Pedestrian 0.0 0 -10 242 176 246 192 1.8600000143051147 0.3753577768802643 0.3753577768802643 -13.962654185097236 1.48232482808185 43.415723686634635 3.098725746893605
Pedestrian 0.0 0 -10 221 176 225 191 1.8600000143051147 0.3753577768802643 0.3753577768802643 -17.026882890849876 1.4836718736463488 44.967281054362225 3.0417426216813976
Pedestrian 0.0 0 -10 465 175 470 196 1.8600000143051147 0.3753577768802643 0.3753577768802643 9.67704631589767 1.4719496881976604 32.33477612646267 3.141381198599241
Car 0.0 0 -10 343 181 361 196 1.5012825727462769 3.633375883102417 1.845113754272461 -0.7729584358799286 1.655612173244838 37.48125714553807 0.023796276446239523